802
177.836411 -35.907326 72.211113
171.343094 -1.723795 61.840611
189.626480 -26.386253 37.352684
185.632950 4.774265 26.130735
162.977859 33.168736 51.152126
179.184906 35.418636 16.298958
191.037994 38.722759 -14.138732
195.652832 11.313544 -4.649777
197.417908 -18.526375 7.023238
154.643326 64.210129 41.740494
171.716705 64.905083 8.636405
144.720688 93.705231 30.670933
163.276855 94.306313 -0.241659
176.400803 94.762085 -28.945066
184.889313 66.316788 -21.570282
117.451630 63.304211 96.333206
111.286949 83.394890 78.196556
136.918381 63.717945 72.041565
121.911606 93.275314 56.433334
145.008881 30.398643 88.123749
124.602180 27.228077 119.424217
195.017395 -53.412567 21.006973
189.731155 -57.421196 49.185806
189.183975 -91.014084 36.025604
185.529892 -89.939903 63.808758
178.510254 -92.389374 92.149452
180.555206 -64.821754 80.668732
199.672989 20.023727 -30.863302
195.945053 44.655544 -37.863979
196.696915 50.321659 -57.336575
200.114548 28.293530 -53.253979
200.830521 -2.419180 -46.069382
200.631287 -10.211050 -21.072557
190.911880 68.959328 -43.179111
182.913315 94.756073 -48.079872
185.099869 94.578400 -62.668434
192.423843 71.402763 -60.173946
150.459732 152.498260 -47.231266
155.467453 151.113083 -58.981026
164.766647 124.725021 -38.263691
170.289261 123.866806 -53.837460
157.239090 150.328659 -68.833237
172.529465 122.890060 -65.722435
122.718643 184.969330 -58.654812
124.855019 185.919205 -64.202934
133.953079 174.374481 -53.552895
140.875626 171.316528 -62.039822
124.997810 185.545456 -73.381874
141.755203 170.885101 -71.498322
197.355469 -51.323772 -7.387216
196.998642 -49.554024 -33.926052
189.237213 -99.416512 -20.993731
190.627716 -95.272194 7.070911
180.650314 -128.999908 50.803310
181.230133 -134.014130 19.180023
178.164581 -138.312225 -11.442164
167.933167 -165.493790 -6.318820
172.324783 -162.943359 27.151085
172.682297 -159.126312 61.419006
199.398483 33.511608 -72.565903
196.084259 52.825741 -75.016357
190.544067 54.988113 -91.329926
193.667328 36.958954 -89.788849
193.070862 8.087615 -85.070923
199.579666 3.870350 -67.101868
192.064575 72.217255 -76.538651
185.245972 94.519165 -77.733047
180.350067 96.414497 -92.444695
186.631622 74.163261 -92.129791
173.534912 122.564468 -79.199760
158.510620 150.141815 -80.754585
156.218536 150.445389 -92.333572
170.119476 123.671875 -92.531059
141.752350 171.039856 -82.213211
123.732613 185.617355 -82.916573
120.688751 185.587326 -90.712257
138.925903 171.244904 -91.797058
194.200150 -46.502636 -56.538830
185.824158 -43.614071 -74.740631
174.645157 -98.379250 -65.337746
184.388474 -100.149368 -46.106712
167.073593 -177.453690 29.195124
162.695282 -180.213745 -6.671255
159.707672 -187.895782 -10.027970
163.546829 -184.324432 28.180464
165.194473 -178.191467 67.693871
168.545883 -173.149521 63.951607
155.418411 -188.265839 -40.896172
136.111923 -186.116669 -61.682068
152.226273 -194.174210 -42.582039
134.594894 -192.044922 -59.943924
130.788010 -196.529968 -58.361282
147.755508 -198.613220 -44.401745
152.635742 -198.692444 -18.763773
156.227020 -193.963425 -13.917529
91.964806 93.374229 79.822525
95.152657 62.844608 111.408981
101.082077 23.776817 137.263779
75.825638 19.119949 144.523224
69.978035 61.367641 117.301506
72.919556 83.234856 93.758629
50.210007 12.332540 144.083298
41.884220 57.901798 114.043335
32.398026 9.497479 142.596268
27.947153 34.364796 125.366066
24.619253 43.167679 115.745369
27.870060 56.614292 108.683098
28.078094 69.238014 96.856392
33.243408 78.019539 92.079605
42.749992 100.687103 70.973503
59.300014 93.397797 80.980133
107.921280 193.332062 -57.830482
87.106331 202.670563 -62.490776
105.746986 196.363190 -66.659439
87.159004 202.498856 -68.590851
87.492104 200.633820 -74.380508
105.886940 195.295822 -74.148239
87.300117 198.413254 -81.032257
104.923805 194.233124 -82.205521
88.538635 195.649643 -87.138596
103.954193 192.989563 -88.869995
93.163177 192.155365 -91.291977
104.074615 191.379608 -92.180450
102.902649 184.724640 -95.257858
115.495728 184.907806 -94.674156
147.299286 151.132156 -101.158829
131.334717 170.964325 -97.862282
115.212616 170.622986 -100.545052
127.015686 151.803909 -106.215965
59.311279 170.617691 -97.857468
56.093960 152.059601 -104.411316
86.793335 170.645645 -99.981369
90.630493 152.062469 -106.490524
82.264771 184.815643 -93.992134
61.895264 184.590652 -91.883202
62.086765 192.143158 -87.728233
77.522186 192.597031 -89.652748
73.925781 196.662262 -85.569557
61.426212 195.937546 -84.118889
61.454014 198.636154 -79.781532
72.835701 199.683914 -80.348946
72.882942 202.057007 -74.661690
61.776314 200.785873 -74.736534
61.999062 202.933548 -69.004372
72.698616 204.176544 -69.178490
72.245552 205.653336 -63.739132
62.084576 204.705765 -63.301590
55.369030 202.253143 -62.904137
54.693459 200.307205 -68.650391
51.353863 198.955124 -61.758755
50.170784 196.888153 -67.463196
48.886787 194.648758 -73.195511
53.888985 198.040985 -74.349716
53.078651 195.861160 -78.955795
47.795265 192.727066 -77.534729
46.752628 190.416626 -80.535721
52.350376 193.385666 -82.742584
51.791935 190.232422 -85.984009
45.873844 187.821320 -83.663330
44.279545 181.798996 -87.761795
50.107395 183.459366 -89.937302
48.738518 -59.745026 165.841904
52.866936 -76.875999 167.828690
44.746571 -63.320637 163.790710
51.541618 -81.666801 166.423431
51.947865 -82.017624 162.569321
45.249897 -63.646076 159.339905
38.749866 -41.522366 153.654846
38.007359 -41.171772 158.981354
40.791218 -41.127434 160.627686
38.594837 -24.098217 156.235123
31.172060 -15.905500 149.897964
32.347916 -16.583290 143.965576
26.840023 7.003115 131.360397
25.485258 8.004214 137.870193
22.191536 26.083382 124.227562
23.022024 25.068951 116.927681
21.517000 40.307343 102.908379
21.240177 41.207165 111.086601
22.580492 56.250782 100.563759
22.948149 55.411472 91.543510
26.401453 70.144119 80.158134
25.771452 70.930748 90.056450
30.371973 84.963593 76.962082
30.963003 84.268044 66.077286
36.940369 102.023338 48.131027
36.907841 102.945503 59.505184
131.591248 123.958862 15.008584
153.913971 124.695023 -13.719947
124.750397 154.190536 -8.980165
139.479996 154.487335 -29.617334
78.049347 180.745041 -11.476976
85.191772 165.063110 3.700230
67.232178 179.808640 -5.276705
75.748329 156.588333 17.292711
60.524235 157.660660 18.112480
59.552856 177.877090 -3.458057
57.234795 190.437698 -20.254473
62.860039 193.522690 -22.198025
68.675468 198.538132 -31.408464
84.033890 198.791595 -45.903404
88.139664 199.811111 -54.907806
105.892876 180.636353 -30.721525
115.827072 182.099304 -45.752689
61.325272 205.972336 -52.358032
61.995037 205.729111 -58.344704
70.659683 205.700424 -52.293339
71.486526 206.098251 -58.183353
60.597431 201.416916 -36.728180
64.998672 204.427155 -43.768143
60.827869 203.588120 -42.524208
54.678211 200.350739 -40.727566
57.404495 203.943924 -46.811684
52.142498 200.359589 -57.503147
55.792614 203.472137 -58.157234
55.784927 203.860886 -53.885612
52.504044 200.565445 -53.115536
59.381947 198.893768 -31.097733
55.382343 196.633575 -31.377256
52.869064 200.460373 -47.780476
55.166702 203.316086 -49.565193
70.003067 204.649078 -45.851315
77.956711 197.905121 -37.187725
58.336563 128.497269 43.557732
45.904766 129.472672 35.910374
44.641060 127.650131 25.149376
50.908813 153.425034 2.142028
53.266666 156.262848 11.487793
91.658585 122.698486 43.136745
100.636108 154.836166 7.067939
92.118279 180.602936 -19.627439
54.897579 175.033737 -8.452444
52.587337 171.624664 -15.881345
52.014549 183.007523 -28.718763
53.771324 186.868927 -23.572203
52.861744 192.852036 -33.533405
51.528339 188.332062 -36.168285
50.888691 190.188248 -41.221569
52.023945 195.206528 -40.626736
51.113144 196.155899 -47.142971
49.855606 191.166077 -46.870304
48.592606 191.776978 -53.917904
50.438217 196.596252 -52.537235
50.308117 197.423721 -56.264606
49.293987 195.471313 -59.077427
47.820080 193.266998 -64.789429
46.575207 189.282883 -61.798405
44.726601 187.168182 -70.131439
46.435555 191.435623 -70.968185
45.689522 190.602005 -75.181168
44.687386 188.440460 -76.593414
167.410583 102.100502 -105.974388
159.097046 126.994156 -103.977791
135.234558 130.220856 -111.333023
140.850922 107.580566 -115.194504
176.513184 59.629131 -106.704018
172.922394 80.001305 -106.803886
144.846649 85.589752 -117.098724
147.516907 63.916401 -117.600067
50.040337 64.641998 -119.016663
97.080559 65.017570 -120.479568
51.149040 86.022575 -117.868576
96.314049 86.786980 -119.551971
95.094505 108.858055 -116.977432
52.524990 108.228172 -114.977646
54.002590 130.751831 -110.304962
93.298759 131.041580 -112.389755
46.000763 170.124435 -95.859634
41.090485 169.207596 -93.675385
37.480713 151.600876 -100.118423
41.356445 151.947174 -102.407059
38.058865 130.647049 -108.235611
34.624218 130.532593 -105.805183
32.164593 107.921585 -110.250542
35.526058 107.986061 -112.849648
33.175957 85.726105 -115.753502
29.745356 85.686676 -112.969460
27.610514 64.501793 -113.926216
31.232386 64.499001 -116.885429
49.364525 44.593399 -118.460709
29.919016 44.936527 -116.183556
26.003931 45.040802 -113.085213
25.677181 18.701900 -107.497719
29.843990 18.386929 -110.681694
49.162045 17.130440 -112.965683
177.496429 9.662765 -100.877357
179.063568 39.916534 -105.912498
149.156952 42.228500 -117.252991
147.147858 10.872560 -111.639893
97.517204 43.739105 -120.126495
96.316521 13.993714 -114.477219
43.606300 -179.345932 -69.327728
46.592049 -185.535156 -67.250610
87.220833 -182.130325 -69.643616
90.115273 -188.653259 -66.929031
46.195690 -190.550339 -63.380405
91.142342 -193.579620 -64.158951
160.194046 -166.036942 -39.496025
171.273026 -139.611954 -41.035603
162.251785 -136.441116 -63.402039
139.770309 -162.248138 -68.291031
152.797226 -127.327492 -72.343140
158.570831 -95.014809 -75.756493
130.915894 -93.166031 -80.994667
129.873627 -132.572510 -75.226753
85.374519 -158.968384 -74.795212
132.959061 -178.226837 -63.549522
76.593025 -172.883759 -72.127098
55.433815 -146.470779 -75.667313
40.671364 -154.275574 -73.915787
28.680779 -153.657776 -71.395332
38.764244 -171.406601 -70.389313
156.491776 -180.570816 -39.658524
168.734711 -42.332859 -88.046608
138.870728 -39.805000 -96.343079
49.473358 -26.493267 -99.296417
49.255314 -76.017868 -85.123581
92.171021 -33.176441 -99.516312
88.219887 -84.878975 -84.171478
32.794621 -72.447006 -83.687584
31.615479 -23.801575 -97.413582
27.381805 -23.116795 -94.214989
28.704641 -71.545639 -80.564140
47.464699 -121.183502 -78.117920
87.602272 -128.221527 -77.370560
30.942572 -118.367485 -76.812141
27.232597 -117.715057 -73.872261
43.568485 185.866364 -80.009369
42.817024 183.378174 -76.188049
40.817539 177.495605 -81.739960
41.790043 179.986816 -84.964005
38.809177 167.908829 -90.992264
37.870213 166.071365 -87.271393
34.697906 149.878113 -92.465233
35.529663 150.896484 -97.185982
32.855316 130.213730 -102.637138
32.023590 129.688538 -97.004295
29.689573 107.572884 -100.396812
30.507534 107.824661 -106.837547
28.207729 85.693405 -109.279121
27.538206 85.601311 -102.150932
25.623747 64.587891 -102.320442
26.128567 64.563530 -109.979424
24.442577 45.178566 -108.955940
24.000471 45.346638 -100.959068
23.479645 19.467426 -95.413322
23.976423 19.014080 -103.286278
25.556704 -22.454380 -90.047874
24.872547 -21.459927 -83.029686
26.080971 -69.129700 -70.108147
26.852179 -70.692955 -76.453850
25.531534 -117.167801 -69.717308
25.006802 -115.236244 -62.948620
24.007076 -151.401642 -59.854702
24.312433 -153.412598 -67.258369
45.370007 184.774811 -59.659489
47.319351 186.236649 -52.205013
46.501114 181.821518 -51.186825
44.415966 180.361465 -58.323727
42.289684 177.687012 -65.633316
43.389046 182.330994 -67.170563
41.560371 179.367371 -73.365189
40.168983 174.031357 -71.514389
38.838051 170.362946 -75.290161
39.540779 173.798340 -78.285629
49.053085 186.254364 -46.180111
50.375416 185.302719 -41.451046
50.091236 181.057114 -41.961170
48.498550 181.833862 -45.823933
51.090473 183.856461 -37.884090
51.509357 179.044556 -32.261700
51.352680 175.546509 -35.305294
50.962360 180.149902 -39.324589
50.383820 150.177261 -5.201416
51.943138 167.995972 -21.366285
50.404995 146.569504 -11.841348
51.774132 164.414291 -26.297750
38.014431 99.770958 38.406872
44.823368 125.054993 16.229387
39.589149 96.700607 30.337652
45.423527 121.828461 8.524590
28.732094 66.867363 71.738258
32.709522 81.466957 56.811783
33.197315 62.614323 64.610512
35.661453 77.695419 49.135471
25.514435 38.377445 95.126961
25.905560 52.696564 83.480484
32.831783 36.033710 88.026100
31.753656 49.258743 76.455200
33.830620 5.644580 124.522331
28.843174 23.332909 109.766212
43.768959 4.123895 117.077545
37.932968 21.344238 102.679688
43.291275 -40.458584 145.970184
38.415539 -16.605896 136.519409
50.003582 -39.036297 136.605560
47.051525 -16.693764 127.881256
55.659473 -81.806274 157.758331
49.151173 -62.953480 153.087402
60.688553 -79.130135 150.752365
54.848007 -60.831299 144.765228
59.073997 -83.942375 169.764984
66.879021 -98.189468 172.458084
58.544365 -95.525024 168.976868
66.684441 -105.548676 171.185532
66.803673 -105.673927 166.326126
58.943443 -95.700066 164.891754
25.438885 -169.248032 -59.129887
25.912592 -170.961121 -66.497093
28.104351 -176.987183 -59.168674
28.896769 -178.377701 -66.072060
62.480305 -94.732552 159.870270
69.685692 -103.778061 160.554810
72.540573 -99.073151 153.349762
66.629013 -90.984276 152.959106
49.685814 142.651642 -19.076565
50.889484 161.146210 -32.066204
49.334892 138.572708 -26.523033
49.911884 158.219620 -37.762890
49.513504 171.779694 -42.711819
50.641285 173.079849 -38.953846
36.987080 163.538345 -81.973984
37.066002 163.105270 -76.089935
34.848106 149.753952 -76.575584
34.180073 148.589813 -84.811516
31.400517 128.955139 -87.179420
32.124077 130.228622 -76.791664
29.413488 107.816933 -76.484322
28.845430 107.043846 -88.714455
26.711855 85.265427 -89.053383
27.235909 85.806580 -75.399620
25.502129 65.028275 -73.568016
24.933245 64.478523 -88.224937
23.443180 45.541832 -86.257973
24.122932 46.312790 -71.019981
23.669992 21.516232 -66.407738
22.924871 20.205830 -81.244850
50.558155 177.936996 -41.133526
49.643387 177.958542 -43.397907
45.954483 178.167496 -51.151020
43.924389 176.661530 -57.742130
46.295242 170.148376 -50.533611
43.946056 167.902054 -57.002705
41.044292 163.508362 -64.040192
41.681591 173.296112 -64.752792
47.984818 178.317627 -46.553341
48.107956 171.121735 -46.170872
39.013161 167.567596 -70.609131
37.573906 156.092911 -70.108154
49.463917 155.662323 -42.479069
50.460804 134.481720 -33.796696
50.027912 129.681763 -41.862736
48.139297 152.637955 -47.770603
44.531719 148.310104 -55.193371
45.000565 123.475784 -51.686390
38.296185 117.020264 -61.216034
39.857311 142.673813 -63.006767
35.332222 135.724075 -69.470161
32.832100 111.471519 -68.400078
65.047287 -72.086555 140.313431
60.738049 -56.867905 134.105438
68.055061 -65.951302 125.082817
65.729073 -54.026051 119.658287
63.934116 -38.974045 112.946831
57.258827 -38.311375 126.239227
40.231098 58.898853 58.588535
39.868759 74.088516 43.018322
48.009140 55.639641 51.297749
45.076702 70.763580 35.071110
43.830723 89.873123 15.403831
41.123726 93.324516 23.928270
43.068417 33.892353 81.889511
40.793327 46.250732 70.548195
53.930626 31.321865 73.976982
50.620380 43.336159 63.343826
53.966984 2.636390 108.747726
48.569275 19.571930 95.604630
63.149811 0.185585 97.275673
58.960049 17.065414 85.964821
55.932655 -17.567320 118.372940
63.941105 -19.698864 105.877800
45.413330 118.111641 1.409116
46.278988 114.133347 -6.964168
30.617624 88.345612 -66.602852
36.536419 92.775497 -58.231499
34.853542 70.566368 -54.991104
28.775385 67.029938 -64.224846
48.922760 86.576843 0.989399
49.506676 110.122330 -18.442455
53.567348 77.847633 -17.854502
50.502277 105.325371 -31.810711
44.671738 98.989273 -45.853916
43.837147 75.720459 -40.662533
54.707104 52.755394 40.363617
51.030373 67.838005 21.904678
60.131996 49.573235 28.059731
56.636600 63.897213 9.891267
64.090675 45.420200 16.659729
60.802063 57.526699 5.403130
64.326385 42.973221 2.651831
60.396114 58.514034 -6.271652
60.088284 39.012634 -11.108078
58.311764 53.060699 -14.374171
52.152367 37.576370 -25.145056
52.085869 56.106544 -25.131891
63.124714 27.690647 61.548252
58.830643 40.178688 52.426449
69.354355 23.385231 46.673889
64.807144 36.666225 39.172569
71.323158 18.792110 31.424480
67.932961 32.686745 24.958689
69.260139 14.310546 15.232146
67.271088 28.638680 9.621248
63.394196 10.339805 -2.470971
61.884640 24.920479 -7.003323
54.568535 6.960139 -19.455240
53.203148 21.767136 -23.028318
24.061623 -19.779011 -71.277962
24.714916 -17.505295 -58.383564
25.431320 -62.520958 -49.518833
25.234814 -66.096626 -60.278454
27.072935 23.685532 -56.528858
27.392025 48.208099 -61.412441
33.523056 51.019653 -52.432846
32.904739 31.632080 -49.605392
27.788073 -59.329887 -40.383282
28.423447 -14.732395 -47.937305
33.358383 9.900350 -45.557442
36.636494 1.110020 -40.642456
34.339832 -13.298531 -40.954681
36.953449 -26.279320 -34.906364
33.260868 -36.043571 -36.760544
32.152393 -59.919567 -32.139992
42.788654 54.539326 -39.078724
42.177876 35.689262 -38.560814
43.626331 4.251800 -33.491009
42.656330 19.413635 -36.567059
70.042503 -4.224970 80.404259
67.313194 12.874116 71.184067
73.839317 -9.256270 61.232330
72.465958 7.939264 54.007835
73.734421 -13.569325 42.858727
73.255569 3.202085 37.181618
70.322853 -17.405935 24.765411
70.323311 -1.211051 20.080086
64.199615 -21.007931 6.434363
64.310486 -5.173780 2.077883
55.528866 -24.171535 -10.929514
55.578884 -8.563315 -15.099390
44.490135 -11.256866 -29.726130
44.474876 -26.692974 -26.121298
68.906616 -41.714546 94.804085
69.959076 -23.560631 88.279190
71.422386 -45.019703 74.402687
73.171684 -27.785919 68.405327
72.763992 -31.008083 49.084400
70.727402 -47.376251 54.334373
66.908882 -49.627182 34.186085
69.120949 -33.753925 29.888468
62.627598 -36.550240 10.389548
60.053959 -52.615482 13.544876
51.063049 -55.754757 -5.428308
53.713314 -39.232754 -7.914361
42.807640 -41.637104 -23.525309
40.836632 -58.458656 -20.572451
68.728821 -55.268444 99.974113
69.031403 -66.000160 103.701881
68.153709 -69.212677 80.100670
69.550621 -58.327572 78.100296
68.007828 -60.935875 57.084290
65.599350 -72.568466 58.209232
60.952984 -77.714127 37.268635
63.877850 -64.397934 36.395111
56.938175 -70.018333 15.501733
53.799107 -86.296310 16.519962
45.938080 -94.787498 -0.810973
48.508911 -75.745293 -2.845695
39.910122 -79.527054 -15.897058
39.170086 -99.660156 -11.498380
35.026821 -99.661377 -17.514656
32.868309 -86.082703 -24.347662
24.205444 -145.486572 -47.534107
24.825941 -110.430954 -52.167500
25.892473 -104.734962 -39.955173
25.585224 -137.610092 -34.197819
28.824120 -129.714920 -23.747095
29.110067 -100.131233 -28.892859
33.466640 -111.828758 -17.103344
32.697353 -126.802193 -15.198913
68.863358 -82.817017 143.205048
72.578476 -90.771309 144.189087
71.285469 -84.034782 129.800232
69.641121 -75.846260 128.291031
69.419983 -75.687531 105.900047
70.147644 -84.025940 106.910606
68.187370 -87.676895 81.303757
67.828728 -79.178162 81.006355
64.496078 -83.155525 58.584206
64.426956 -91.919846 58.763290
58.429760 -98.321274 37.898380
59.059307 -89.223724 37.559814
51.155552 -98.986893 16.859369
49.759068 -108.447670 17.318310
39.825287 -121.069016 -1.687558
43.237732 -108.464439 0.031351
37.758633 -113.675781 -9.375748
35.932156 -123.532883 -9.236877
25.102467 -156.051819 -33.789173
24.743866 -163.968033 -46.967228
25.263371 -165.940231 -35.414227
26.241196 -172.935883 -47.909748
31.254480 -137.383102 -15.713694
27.789482 -146.430206 -23.375788
30.577570 -144.402756 -16.157003
27.126961 -155.716629 -24.801083
34.360806 -134.136215 -9.568645
33.947048 -131.190399 -10.789527
30.805737 -182.830795 -58.365501
31.829721 -184.226624 -64.621819
32.797634 -186.808975 -54.904419
34.447048 -188.430222 -60.265945
76.584702 -97.661484 144.674347
78.294479 -106.076248 153.888626
85.695999 -112.492043 153.026611
81.945084 -104.024452 144.430954
77.877174 -97.348495 130.266464
73.786263 -90.840775 130.127701
71.467438 -90.710724 107.075523
74.507019 -97.145073 107.286598
71.177727 -100.371803 81.656090
68.841301 -94.161743 81.479301
65.120987 -98.084267 59.300503
67.232437 -103.986382 59.539658
61.401867 -110.228905 39.410172
59.297375 -104.401398 38.914104
50.361214 -115.036240 18.695114
52.416664 -121.339447 19.740448
43.297546 -134.333847 3.329580
41.304291 -127.521385 1.898775
35.118374 -139.389389 -8.219650
37.065182 -146.227951 -7.023388
32.928539 -157.622772 -15.091105
30.952921 -151.075211 -15.815756
26.887089 -173.155441 -35.757877
28.497360 -179.450775 -47.804432
29.108540 -178.576492 -35.202145
30.503647 -183.853302 -46.272408
27.957390 -163.013718 -25.045073
30.096581 -169.119324 -24.646208
97.267204 -137.214539 79.168869
88.404839 -125.955200 80.423172
103.534035 -131.202957 110.193863
94.047890 -121.240555 109.889374
83.009789 -116.726753 81.755424
87.462959 -112.940987 109.607971
89.338020 -111.016716 126.436584
95.297043 -116.296822 134.053345
104.586563 -125.056381 136.815811
96.550308 -118.819092 149.214523
89.722672 -110.397179 143.228912
84.291725 -104.642273 131.209473
80.394104 -104.732162 108.435570
76.584007 -108.046211 81.957268
143.725479 -65.978256 149.585815
134.237839 -20.338631 138.144119
162.627167 -49.206295 113.893837
154.512970 -10.310350 102.842285
166.547974 -77.086479 118.975151
166.969650 -98.702164 122.776802
156.908524 -107.883476 142.258591
150.432083 -96.273125 150.842178
62.588573 -194.451721 -60.166763
96.168007 -198.036469 -61.508877
78.710861 -195.558853 -55.423420
95.367935 -198.887466 -57.243374
114.096878 -201.320328 -54.079948
119.482834 -201.869675 -56.319447
129.498276 -202.113770 -54.087723
127.071396 -200.089996 -56.960293
159.814713 -190.334885 26.975471
156.019745 -195.630692 22.069225
157.657181 -189.320389 70.602402
161.835495 -184.040070 68.384468
152.580765 -197.775665 41.388897
152.304535 -200.357544 9.950893
149.316147 -202.358673 -24.990515
146.195175 -204.487595 -30.026508
148.878967 -203.412247 -1.708081
149.474274 -200.940216 22.278267
142.846268 -201.900116 -46.040852
138.262527 -203.787567 -47.127342
176.605621 -125.551796 83.400154
168.319153 -154.783112 96.990227
158.036636 -155.166428 137.757309
170.712280 -122.532455 111.589287
164.586502 -118.804596 129.989441
152.158585 -127.845169 149.455704
166.031342 -168.160202 93.609230
162.909180 -170.136688 102.477028
161.135651 -175.830414 98.597008
157.911499 -174.624115 109.084091
109.612930 -31.161926 156.754562
120.858055 -85.918434 166.472046
94.134270 -103.043373 175.069199
83.390587 -41.653633 163.922150
58.323143 -50.687157 164.895508
73.159081 -96.086113 173.744217
76.891441 -112.391243 172.783890
94.119225 -121.074059 170.632019
90.492729 -120.888107 164.689041
76.095726 -112.919662 166.891388
148.278397 -159.025604 137.963242
139.621292 -152.381821 141.597183
144.243179 -150.886520 151.034805
123.321587 -136.618347 161.589996
131.151352 -145.921417 141.534653
113.667892 -133.030060 157.820572
115.729179 -125.248047 169.817673
119.970695 -128.251205 168.008301
125.766319 -130.661713 165.806320
130.966629 -134.781158 162.249298
135.208206 -137.784348 160.439941
144.798935 -147.648895 153.733536
150.041809 -185.610489 79.734024
143.126007 -178.264175 79.750717
150.379242 -172.369446 111.281570
144.680817 -166.734589 111.918701
131.758118 -166.821960 79.675896
135.108124 -157.391296 112.411484
118.005569 -135.872116 139.625214
119.306648 -144.400284 111.435539
114.095055 -151.987778 79.200844
104.638077 -126.730179 153.886902
88.115105 -118.070358 159.299927
77.347466 -110.988487 160.943649
149.075821 -147.830109 152.473419
134.930191 -124.439514 163.006989
152.666611 -156.105988 147.593719
153.383255 -161.345032 137.682999
154.557739 -174.234863 111.824509
154.348541 -188.156738 79.934448
146.762222 -193.441223 52.064789
150.914108 -196.491974 51.929054
147.150345 -201.062881 24.606224
142.841904 -197.694748 24.934589
140.582275 -200.204300 -4.995841
145.952942 -203.691650 -5.236187
143.199631 -204.604645 -31.300510
137.126083 -201.874374 -30.351198
126.874802 -202.204727 -46.857563
134.768143 -204.028168 -47.289116
45.021500 -192.156631 -53.034847
36.484192 -190.910706 -51.123924
33.334717 -188.951706 -46.969467
34.352482 -186.852051 -35.832512
39.864887 -189.575623 -39.498734
52.732624 -190.830536 -41.333279
69.218040 -173.872452 -14.894797
61.280174 -184.151794 -29.645676
54.186001 -170.197784 -13.092272
46.512871 -182.332550 -27.693268
38.561577 -179.464035 -24.752800
43.934811 -169.097229 -13.712236
80.797440 -131.167679 55.340912
89.660568 -143.046997 53.561001
81.882210 -150.592850 30.220236
71.463844 -139.653351 31.790436
68.012978 -128.637695 35.550560
76.370621 -121.272339 57.357548
31.251360 -186.484146 -42.934708
31.062702 -183.082474 -34.129051
71.415634 -111.963829 58.824577
64.483017 -118.568588 38.189739
55.380104 -129.944061 19.204962
58.404362 -140.882614 15.470651
50.793243 -147.666428 5.142522
46.702728 -142.820953 3.758670
41.046658 -153.929993 -6.260698
48.444977 -158.061279 -2.692696
37.052395 -164.267868 -14.384216
33.360405 -174.831177 -24.142946
134.873734 -189.746216 25.325823
139.582535 -185.558029 52.289494
122.515236 -178.606064 27.919777
127.321274 -173.595673 52.552734
129.822876 -191.958893 -5.349444
124.771049 -195.461395 -28.717253
105.558708 -190.719955 -32.033165
113.197716 -187.876297 -19.551966
108.973389 -183.380600 -10.985348
118.057678 -182.746674 2.654813
109.094162 -197.900009 -46.164040
86.275558 -193.773575 -46.795517
63.268326 -192.485031 -50.338913
78.088211 -190.194153 -37.541630
92.379723 -179.374771 -14.603579
86.929314 -185.636795 -27.291313
107.924545 -158.307526 52.804073
101.875374 -164.566025 29.240622
60.642185 -154.187653 6.919525
75.100220 -161.744629 5.996572
97.027771 -171.969818 5.505898
1600
0 2 1
2 3 1
1 3 4
3 5 4
6 5 7
5 3 7
7 3 8
3 2 8
4 5 9
5 10 9
9 10 11
10 12 11
13 12 14
12 10 14
14 10 6
10 5 6
15 17 16
17 18 16
11 18 9
18 17 9
9 17 4
17 19 4
20 19 15
19 17 15
8 2 21
2 22 21
21 22 23
22 24 23
25 24 26
24 22 26
26 22 0
22 2 0
7 27 6
27 28 6
29 28 30
28 27 30
30 27 31
27 32 31
8 32 7
32 27 7
14 33 13
33 34 13
35 34 36
34 33 36
36 33 29
33 28 29
6 28 14
28 33 14
37 39 38
39 40 38
38 40 41
40 42 41
42 40 35
40 34 35
13 34 39
34 40 39
43 45 44
45 46 44
47 44 48
44 46 48
41 48 38
48 46 38
38 46 37
46 45 37
21 49 8
49 32 8
31 32 50
32 49 50
50 49 51
49 52 51
23 52 21
52 49 21
53 54 23
54 52 23
51 52 55
52 54 55
55 54 56
54 57 56
58 57 53
57 54 53
30 59 29
59 60 29
61 60 62
60 59 62
62 59 63
59 64 63
31 64 30
64 59 30
36 65 35
65 66 35
67 66 68
66 65 68
68 65 61
65 60 61
29 60 36
60 65 36
42 69 41
69 70 41
71 70 72
70 69 72
72 69 67
69 66 67
35 66 42
66 69 42
48 73 47
73 74 47
75 74 76
74 73 76
76 73 71
73 70 71
41 70 48
70 73 48
50 77 31
77 64 31
63 64 78
64 77 78
78 77 79
77 80 79
51 80 50
80 77 50
57 81 56
81 82 56
83 82 84
82 81 84
85 84 86
84 81 86
86 81 58
81 57 58
87 89 88
89 90 88
91 90 92
90 89 92
92 89 93
89 94 93
83 94 87
94 89 87
95 96 16
96 15 16
15 96 20
96 97 20
98 97 99
97 96 99
99 96 100
96 95 100
98 99 101
99 102 101
103 101 104
101 102 104
104 102 105
102 106 105
106 102 107
102 108 107
109 108 110
108 102 110
110 102 100
102 99 100
111 113 112
113 114 112
114 113 115
113 116 115
116 113 47
113 44 47
43 44 111
44 113 111
115 116 117
116 118 117
117 118 119
118 120 119
120 118 75
118 74 75
47 74 116
74 118 116
119 120 121
120 122 121
121 122 123
122 124 123
75 124 120
124 122 120
71 125 76
125 126 76
76 126 75
126 124 75
123 124 127
124 126 127
127 126 128
126 125 128
129 131 130
131 132 130
128 132 127
132 131 127
127 131 123
131 133 123
134 133 129
133 131 129
135 136 134
136 133 134
123 133 121
133 136 121
121 136 119
136 137 119
138 137 135
137 136 135
139 140 138
140 137 138
119 137 117
137 140 117
117 140 115
140 141 115
141 140 142
140 139 142
142 143 141
143 144 141
115 141 114
141 144 114
114 144 112
144 145 112
146 145 143
145 144 143
146 143 147
143 148 147
147 148 149
148 150 149
151 150 152
150 148 152
152 148 142
148 143 142
142 139 152
139 153 152
152 153 151
153 154 151
155 154 156
154 153 156
156 153 138
153 139 138
138 135 156
135 157 156
156 157 155
157 158 155
159 158 160
158 157 160
160 157 134
157 135 134
161 163 162
163 164 162
164 163 165
163 166 165
167 166 168
166 163 168
169 168 161
168 163 161
169 170 168
170 171 168
168 171 167
171 172 167
173 172 174
172 171 174
174 171 103
171 170 103
104 175 103
175 174 103
174 175 173
175 176 173
177 176 178
176 175 178
105 178 104
178 175 104
105 106 178
106 179 178
178 179 177
179 180 177
181 180 182
180 179 182
182 179 107
179 106 107
107 108 182
108 183 182
182 183 181
183 184 181
185 184 186
184 183 186
186 183 109
183 108 109
11 12 187
12 188 187
187 188 189
188 190 189
37 190 39
190 188 39
39 188 13
188 12 13
191 193 192
193 194 192
194 193 195
193 196 195
196 193 197
193 198 197
199 198 191
198 193 191
200 202 201
202 203 201
112 201 111
201 203 111
111 203 43
203 45 43
37 45 190
45 203 190
189 190 202
190 203 202
204 206 205
206 207 205
205 207 146
207 145 146
145 207 112
207 201 112
200 201 206
201 207 206
199 209 208
209 210 208
208 210 211
210 212 211
204 212 209
212 210 209
149 213 147
213 214 147
147 214 146
214 205 146
204 205 215
205 214 215
216 215 213
215 214 213
208 217 199
217 198 199
197 198 218
198 217 218
211 218 208
218 217 208
211 212 219
212 220 219
219 220 216
220 215 216
204 215 212
215 220 212
204 209 206
209 221 206
206 221 200
221 222 200
222 221 199
221 209 199
109 223 186
223 224 186
186 224 185
224 225 185
226 225 227
225 224 227
227 224 195
224 223 195
109 110 223
110 228 223
195 223 194
223 228 194
192 194 229
194 228 229
189 229 187
229 228 187
11 187 18
187 228 18
16 18 95
18 228 95
100 95 110
95 228 110
199 191 222
191 230 222
222 230 200
230 202 200
202 230 189
230 229 189
229 230 192
230 191 192
195 196 227
196 231 227
227 231 226
231 232 226
233 232 234
232 231 234
234 231 197
231 196 197
197 218 234
218 235 234
234 235 233
235 236 233
237 236 238
236 235 238
211 238 218
238 235 218
219 239 211
239 238 211
237 238 240
238 239 240
241 240 242
240 239 242
216 242 219
242 239 219
213 243 216
243 242 216
242 243 241
243 244 241
244 243 149
243 213 149
150 245 149
245 244 149
241 244 246
244 245 246
246 245 247
245 248 247
151 248 150
248 245 150
154 249 151
249 248 151
248 249 247
249 250 247
155 250 154
250 249 154
67 251 72
251 252 72
72 252 71
252 125 71
128 125 253
125 252 253
253 252 254
252 251 254
61 255 68
255 256 68
68 256 67
256 251 67
254 251 257
251 256 257
257 256 258
256 255 258
259 261 260
261 262 260
258 260 257
260 262 257
257 262 254
262 263 254
263 262 264
262 261 264
265 266 264
266 263 264
254 263 253
263 266 253
253 266 128
266 132 128
130 132 265
132 266 265
134 129 160
129 267 160
160 267 159
267 268 159
269 268 270
268 267 270
270 267 130
267 129 130
130 265 270
265 271 270
270 271 269
271 272 269
272 271 273
271 274 273
274 271 264
271 265 264
264 261 274
261 275 274
274 275 273
275 276 273
277 276 278
276 275 278
278 275 259
275 261 259
259 279 278
279 280 278
278 280 277
280 281 277
282 281 283
281 280 283
284 283 279
283 280 279
63 285 62
285 286 62
62 286 61
286 255 61
258 255 287
255 286 287
287 286 288
286 285 288
260 289 259
289 279 259
279 289 284
289 290 284
288 290 287
290 289 287
287 289 258
289 260 258
291 293 292
293 294 292
292 294 295
294 296 295
296 294 91
294 90 91
90 294 88
294 293 88
56 297 55
297 298 55
55 298 51
298 80 51
79 80 299
80 298 299
300 299 297
299 298 297
299 301 79
301 302 79
302 301 303
301 304 303
300 304 299
304 301 299
300 306 305
306 307 305
305 307 308
307 309 308
310 309 311
309 307 311
311 307 291
307 293 291
88 293 306
293 307 306
297 312 300
312 306 300
306 312 88
312 87 88
87 312 83
312 82 83
56 82 297
82 312 297
285 313 288
313 314 288
303 314 302
314 313 302
79 302 78
302 313 78
78 313 63
313 285 63
315 317 316
317 318 316
303 318 314
318 317 314
288 314 290
314 317 290
284 290 315
290 317 315
316 319 315
319 320 315
315 320 284
320 283 284
283 320 282
320 321 282
321 320 322
320 319 322
323 324 308
324 305 308
300 305 304
305 324 304
304 324 303
324 318 303
316 318 323
318 324 323
323 325 316
325 319 316
322 319 326
319 325 326
326 325 310
325 309 310
308 309 323
309 325 323
158 327 155
327 250 155
247 250 328
250 327 328
328 327 329
327 330 329
330 327 159
327 158 159
159 268 330
268 331 330
330 331 329
331 332 329
333 332 334
332 331 334
334 331 269
331 268 269
272 335 269
335 334 269
333 334 336
334 335 336
336 335 337
335 338 337
273 338 272
338 335 272
276 339 273
339 338 273
337 338 340
338 339 340
340 339 341
339 342 341
277 342 276
342 339 276
277 281 342
281 343 342
342 343 341
343 344 341
345 344 346
344 343 346
346 343 282
343 281 282
282 321 346
321 347 346
346 347 345
347 348 345
349 348 350
348 347 350
350 347 322
347 321 322
326 351 322
351 350 322
349 350 352
350 351 352
352 351 353
351 354 353
310 354 326
354 351 326
246 355 241
355 356 241
357 356 358
356 355 358
359 358 360
358 355 360
247 360 246
360 355 246
328 361 247
361 360 247
360 361 359
361 362 359
363 362 364
362 361 364
364 361 329
361 328 329
240 365 237
365 366 237
367 366 368
366 365 368
368 365 357
365 356 357
241 356 240
356 365 240
236 369 233
369 370 233
371 370 372
370 369 372
372 369 367
369 366 367
237 366 236
366 369 236
226 232 373
232 374 373
373 374 375
374 376 375
371 376 370
376 374 370
370 374 233
374 232 233
185 225 377
225 378 377
377 378 379
378 380 379
375 380 373
380 378 373
373 378 226
378 225 226
181 184 381
184 382 381
381 382 383
382 384 383
379 384 377
384 382 377
377 382 185
382 184 185
177 180 385
180 386 385
385 386 387
386 388 387
383 388 381
388 386 381
381 386 181
386 180 181
173 176 389
176 390 389
389 390 391
390 392 391
387 392 385
392 390 385
385 390 177
390 176 177
167 172 393
172 394 393
393 394 395
394 396 395
391 396 389
396 394 389
389 394 173
394 172 173
165 166 397
166 398 397
397 398 399
398 400 399
395 400 393
400 398 393
393 398 167
398 166 167
401 403 402
403 404 402
404 403 405
403 406 405
165 406 164
406 403 164
162 164 401
164 403 401
353 354 407
354 408 407
407 408 409
408 410 409
291 410 311
410 408 311
311 408 310
408 354 310
406 411 405
411 412 405
412 411 413
411 414 413
399 414 397
414 411 397
165 397 406
397 411 406
375 376 415
376 416 415
415 416 417
416 418 417
419 418 420
418 416 420
420 416 371
416 376 371
329 332 364
332 421 364
364 421 363
421 422 363
422 421 423
421 424 423
424 421 333
421 332 333
336 425 333
425 424 333
423 424 426
424 425 426
426 425 427
425 428 427
337 428 336
428 425 336
340 429 337
429 428 337
427 428 430
428 429 430
431 430 432
430 429 432
432 429 341
429 340 341
341 344 432
344 433 432
432 433 431
433 434 431
435 434 436
434 433 436
436 433 345
433 344 345
372 437 371
437 420 371
420 437 419
437 438 419
438 437 367
437 372 367
357 358 439
358 440 439
439 440 441
440 442 441
443 442 444
442 440 444
444 440 359
440 358 359
367 368 438
368 445 438
419 438 446
438 445 446
441 446 439
446 445 439
439 445 357
445 368 357
359 362 444
362 447 444
444 447 443
447 448 443
423 448 422
448 447 422
422 447 363
447 362 363
419 446 418
446 449 418
418 449 417
449 450 417
451 450 452
450 449 452
452 449 441
449 446 441
441 442 452
442 453 452
452 453 451
453 454 451
455 454 456
454 453 456
456 453 443
453 442 443
443 448 456
448 457 456
456 457 455
457 458 455
427 458 426
458 457 426
426 457 423
457 448 423
399 400 459
400 460 459
459 460 461
460 462 461
463 462 464
462 460 464
464 460 395
460 400 395
383 384 465
384 466 465
465 466 467
466 468 467
469 468 470
468 466 470
470 466 379
466 384 379
387 388 471
388 472 471
471 472 473
472 474 473
467 474 465
474 472 465
465 472 383
472 388 383
391 392 475
392 476 475
475 476 477
476 478 477
473 478 471
478 476 471
471 476 387
476 392 387
395 396 464
396 479 464
464 479 463
479 480 463
477 480 475
480 479 475
475 479 391
479 396 391
379 380 470
380 481 470
470 481 469
481 482 469
417 482 415
482 481 415
415 481 375
481 380 375
430 483 427
483 458 427
455 458 484
458 483 484
484 483 485
483 486 485
431 486 430
486 483 430
469 482 487
482 488 487
487 488 489
488 490 489
451 490 450
490 488 450
450 488 417
488 482 417
451 454 490
454 491 490
489 490 492
490 491 492
485 492 484
492 491 484
484 491 455
491 454 455
467 468 493
468 494 493
493 494 495
494 496 495
489 496 487
496 494 487
487 494 469
494 468 469
495 496 497
496 498 497
497 498 499
498 500 499
489 500 496
500 498 496
499 500 501
500 502 501
501 502 503
502 504 503
489 504 500
504 502 500
473 474 505
474 506 505
505 506 507
506 508 507
495 508 493
508 506 493
493 506 467
506 474 467
507 508 509
508 510 509
509 510 511
510 512 511
499 512 497
512 510 497
497 510 495
510 508 495
511 512 513
512 514 513
513 514 515
514 516 515
503 516 501
516 514 501
501 514 499
514 512 499
345 348 436
348 517 436
436 517 435
517 518 435
518 517 519
517 520 519
520 517 349
517 348 349
435 521 434
521 522 434
434 522 431
522 486 431
485 486 523
486 522 523
523 522 524
522 521 524
519 525 518
525 526 518
518 526 435
526 521 435
524 521 527
521 526 527
527 526 528
526 529 528
529 526 530
526 531 530
532 531 525
531 526 525
489 492 504
492 533 504
504 533 503
533 534 503
524 534 523
534 533 523
523 533 485
533 492 485
515 516 535
516 536 535
528 535 527
535 536 527
527 536 524
536 534 524
534 536 503
536 516 503
477 478 537
478 538 537
537 538 539
538 540 539
507 540 505
540 538 505
505 538 473
538 478 473
539 540 541
540 542 541
541 542 543
542 544 543
511 544 509
544 542 509
509 542 507
542 540 507
543 544 545
544 546 545
545 546 547
546 548 547
515 548 513
548 546 513
513 546 511
546 544 511
535 549 515
549 548 515
547 548 550
548 549 550
550 549 530
549 529 530
529 549 528
549 535 528
463 480 551
480 552 551
551 552 553
552 554 553
539 554 537
554 552 537
537 552 477
552 480 477
541 555 539
555 554 539
553 554 556
554 555 556
556 555 557
555 558 557
543 558 541
558 555 541
545 559 543
559 558 543
557 558 560
558 559 560
561 560 562
560 559 562
547 562 545
562 559 545
547 550 562
550 563 562
562 563 561
563 564 561
564 563 532
563 531 532
530 531 550
531 563 550
551 565 463
565 462 463
461 462 566
462 565 566
566 565 567
565 568 567
553 568 551
568 565 551
556 569 553
569 568 553
568 569 567
569 570 567
571 570 572
570 569 572
572 569 557
569 556 557
557 560 572
560 573 572
572 573 571
573 574 571
575 574 576
574 573 576
576 573 561
573 560 561
561 564 576
564 577 576
576 577 575
577 578 575
579 578 580
578 577 580
580 577 532
577 564 532
353 581 352
581 582 352
352 582 349
582 520 349
519 520 583
520 582 583
583 582 584
582 581 584
584 585 583
585 586 583
583 586 519
586 525 519
532 525 580
525 586 580
580 586 579
586 587 579
588 587 585
587 586 585
459 589 399
589 414 399
413 414 590
414 589 590
590 589 591
589 592 591
461 592 459
592 589 459
566 593 461
593 592 461
591 592 594
592 593 594
595 594 596
594 593 596
567 596 566
596 593 566
567 570 596
570 597 596
596 597 595
597 598 595
599 598 600
598 597 600
600 597 571
597 570 571
571 574 600
574 601 600
600 601 599
601 602 599
603 602 604
602 601 604
604 601 575
601 574 575
575 578 604
578 605 604
604 605 603
605 606 603
588 606 587
606 605 587
579 587 578
587 605 578
584 581 607
581 608 607
607 608 609
608 610 609
409 610 407
610 608 407
407 608 353
608 581 353
588 585 611
585 612 611
611 612 613
612 614 613
609 614 607
614 612 607
607 612 584
612 585 584
603 606 615
606 616 615
613 615 611
615 616 611
611 616 588
616 606 588
409 410 617
410 618 617
619 617 620
617 618 620
295 620 292
620 618 292
292 618 291
618 410 291
590 621 413
621 622 413
623 622 624
622 621 624
624 621 625
621 626 625
591 626 590
626 621 590
594 627 591
627 626 591
625 626 628
626 627 628
629 628 630
628 627 630
630 627 595
627 594 595
595 598 630
598 631 630
630 631 629
631 632 629
633 632 634
632 631 634
634 631 599
631 598 599
599 602 634
602 635 634
634 635 633
635 636 633
637 636 638
636 635 638
638 635 603
635 602 603
603 615 638
615 639 638
638 639 637
639 640 637
641 640 642
640 639 642
642 639 613
639 615 613
609 610 643
610 644 643
643 644 645
644 646 645
646 644 619
644 617 619
617 644 409
644 610 409
613 614 642
614 647 642
642 647 641
647 648 641
645 648 643
648 647 643
643 647 609
647 614 609
649 651 650
651 652 650
650 652 653
652 654 653
654 652 655
652 656 655
656 652 657
652 651 657
657 658 656
658 659 656
655 656 660
656 659 660
625 660 624
660 659 624
624 659 623
659 658 623
628 661 625
661 660 625
660 661 655
661 654 655
654 661 653
661 662 653
629 662 628
662 661 628
663 665 664
665 666 664
664 666 20
666 19 20
4 19 1
19 666 1
1 666 0
666 665 0
0 665 26
665 667 26
26 667 25
667 668 25
669 668 670
668 667 670
670 667 663
667 665 663
295 296 671
296 672 671
671 672 673
672 674 673
674 672 675
672 676 675
677 676 678
676 672 678
678 672 91
672 296 91
84 679 83
679 94 83
93 94 680
94 679 680
680 679 681
679 682 681
85 682 84
682 679 84
681 683 680
683 684 680
680 684 93
684 685 93
686 685 687
685 684 687
687 684 688
684 683 688
93 685 92
685 689 92
92 689 91
689 678 91
677 678 690
678 689 690
690 689 686
689 685 686
23 24 53
24 691 53
53 691 58
691 692 58
693 692 694
692 691 694
694 691 25
691 24 25
25 668 694
668 695 694
694 695 693
695 696 693
696 695 669
695 668 669
692 697 58
697 86 58
86 697 85
697 698 85
693 698 692
698 697 692
698 699 85
699 682 85
682 699 681
699 700 681
693 700 698
700 699 698
20 97 664
97 701 664
664 701 663
701 702 663
703 702 704
702 701 704
704 701 98
701 97 98
98 101 704
101 705 704
703 704 706
704 705 706
402 706 401
706 705 401
162 401 161
401 705 161
161 705 169
705 170 169
103 170 101
170 705 101
706 707 703
707 708 703
708 707 709
707 710 709
405 710 404
710 707 404
402 404 706
404 707 706
711 713 712
713 714 712
712 714 715
714 716 715
709 716 708
716 714 708
703 708 717
708 714 717
717 714 718
714 719 718
719 714 720
714 721 720
722 721 713
721 714 713
723 725 724
725 726 724
724 726 727
726 728 727
715 728 712
728 726 712
712 726 711
726 725 711
729 730 715
730 728 715
727 728 731
728 730 731
649 731 651
731 730 651
657 651 729
651 730 729
715 716 729
716 732 729
729 732 657
732 658 657
623 658 733
658 732 733
733 732 709
732 716 709
405 412 710
412 734 710
709 710 733
710 734 733
733 734 623
734 622 623
413 622 412
622 734 412
693 696 735
696 736 735
722 735 721
735 736 721
721 736 720
736 719 720
717 718 736
719 736 718
703 717 702
717 736 702
663 702 670
702 736 670
669 670 696
670 736 696
722 713 735
713 737 735
735 737 693
737 738 693
738 737 711
737 713 711
711 725 738
725 739 738
693 738 700
738 739 700
681 700 740
700 739 740
740 739 723
739 725 723
723 741 740
741 742 740
740 742 681
742 683 681
688 683 743
683 742 743
743 742 744
742 741 744
744 745 743
745 746 743
688 743 687
743 746 687
687 746 686
746 747 686
747 746 748
746 745 748
749 750 748
750 747 748
686 747 690
747 750 690
690 750 677
750 676 677
675 676 749
676 750 749
295 751 620
751 752 620
620 752 619
752 753 619
754 753 755
753 752 755
756 755 751
755 752 751
757 759 758
759 760 758
758 760 756
760 755 756
755 760 754
760 761 754
761 760 762
760 759 762
650 763 649
763 764 649
765 764 766
764 763 766
766 763 767
763 768 767
653 768 650
768 763 650
619 753 646
753 769 646
646 769 645
769 770 645
770 769 754
769 753 754
629 632 662
632 771 662
662 771 653
771 768 653
767 768 772
768 771 772
772 771 633
771 632 633
633 636 772
636 773 772
772 773 767
773 774 767
775 774 776
774 773 776
776 773 637
773 636 637
637 640 776
640 777 776
776 777 775
777 778 775
778 777 762
777 779 762
779 777 641
777 640 641
641 648 779
648 780 779
779 780 762
780 761 762
754 761 770
761 780 770
770 780 645
780 648 645
744 741 781
741 782 781
781 782 783
782 784 783
727 784 724
784 782 724
724 782 723
782 741 723
745 785 748
785 786 748
787 786 788
786 785 788
788 785 789
785 790 789
783 790 781
790 785 781
744 781 745
781 785 745
748 786 749
786 791 749
749 791 675
791 674 675
673 674 792
674 791 792
792 791 787
791 786 787
295 671 751
671 793 751
751 793 756
793 794 756
787 794 792
794 793 792
792 793 673
793 671 673
789 795 788
795 796 788
788 796 787
796 794 787
756 794 758
794 796 758
758 796 757
796 795 757
727 731 784
731 797 784
784 797 783
797 798 783
765 798 764
798 797 764
764 797 649
797 731 649
762 759 778
759 799 778
778 799 775
799 774 775
767 774 766
774 799 766
766 799 765
799 800 765
757 800 759
800 799 759
757 795 800
795 801 800
765 800 798
800 801 798
798 801 783
801 790 783
790 801 789
801 795 789
