496
43.690913 -32.033158 -6.660383
47.095399 -30.036182 -12.378528
46.186808 -30.569137 -4.500120
50.470333 -28.056542 -8.899660
48.746358 -26.753447 -16.847865
52.965027 -24.278899 -12.499284
56.180085 -22.393032 -7.119914
53.042382 -26.547850 -4.596165
47.735730 -29.660583 -1.367240
37.987639 -35.378538 -9.167998
38.710032 -34.954802 -16.065400
41.063589 -33.574272 -8.599897
43.092898 -32.383937 -14.803336
38.264650 -32.901720 -21.456460
43.743235 -29.688142 -19.878879
31.932458 -38.930335 -8.315616
29.807268 -40.176912 -14.812171
34.883801 -37.199161 -9.469823
34.194004 -37.603777 -16.056031
27.136195 -39.429358 -19.889922
32.619616 -36.212942 -21.444745
26.912540 -41.874877 -4.298511
22.426622 -44.506190 -8.905931
29.063159 -40.613385 -6.910609
25.812281 -42.520259 -12.370763
17.910388 -44.840955 -12.507121
22.142462 -42.358545 -16.838165
24.077889 -43.537604 1.963048
18.258913 -46.950851 0.300267
24.935102 -43.034787 -1.508542
19.867878 -46.007078 -4.591787
12.700750 -47.896782 -0.999375
14.711959 -46.717068 -7.114442
24.077888 -43.537605 9.034613
18.258911 -46.950852 10.697392
23.445319 -43.908651 5.498830
17.722590 -47.265443 5.498829
12.700748 -47.896783 11.997032
12.030348 -48.290026 5.498828
26.912537 -41.874879 15.296173
22.426619 -44.506192 19.903590
24.935100 -43.034788 12.506203
19.867875 -46.007079 15.589446
17.910385 -44.840957 23.504781
14.711954 -46.717071 18.112099
31.932453 -38.930338 19.313281
29.807261 -40.176916 25.809832
29.063155 -40.613388 17.908272
25.812274 -42.520263 23.368424
27.136189 -39.429361 30.887584
22.142454 -42.358550 27.835822
37.987633 -35.378541 20.165665
38.710024 -34.954807 27.063069
34.883795 -37.199164 20.467488
34.193996 -37.603781 27.053696
38.264643 -32.901724 32.454127
32.619607 -36.212948 32.442412
43.690908 -32.033161 17.658053
47.095391 -30.036187 23.376199
41.063583 -33.574276 19.597565
43.092890 -32.383941 25.801007
48.746352 -26.753450 27.845538
43.743224 -29.688148 30.876550
47.735728 -29.660584 12.364911
53.042375 -26.547854 15.593838
46.186803 -30.569140 15.497792
50.470326 -28.056546 19.897334
56.180084 -22.393033 18.117589
52.965020 -24.278903 23.496959
49.195470 -28.804340 5.498834
55.188596 -25.288942 5.498834
49.079787 -28.872197 9.107378
54.636223 -25.612949 10.695137
58.862858 -20.819393 5.498834
58.172391 -21.224406 11.994213
49.079788 -28.872196 1.890291
54.636226 -25.612947 0.302533
58.172393 -21.224405 -0.996542
51.103231 -18.427985 -13.699159
46.603320 -21.067506 -18.337646
42.563281 -14.179958 -18.337646
47.063190 -11.540438 -13.699159
50.492591 -9.528848 -7.961164
54.532628 -16.416397 -7.961164
41.266651 -24.197845 -21.570728
35.422830 -27.625665 -23.253482
31.382793 -20.738116 -23.253482
37.226611 -17.310298 -21.570728
29.401459 -31.157631 -23.240985
23.552478 -34.588478 -21.582504
19.512441 -27.700929 -21.582504
25.361419 -24.270084 -23.240985
18.225827 -37.712941 -18.327296
13.711617 -40.360850 -13.707519
9.671579 -33.473301 -13.707519
14.185787 -30.825394 -18.327296
10.299958 -42.362033 -7.955327
8.154669 -43.620398 -1.432589
4.114634 -36.732848 -1.432590
6.259917 -35.474486 -7.955327
7.439575 -44.039853 5.498828
8.154669 -43.620398 12.430245
4.114632 -36.732849 12.430244
3.399534 -37.152305 5.498828
10.299954 -42.362035 18.952983
13.711610 -40.360854 24.705174
9.671574 -33.473304 24.705176
6.259914 -35.474488 18.952983
18.225819 -37.712946 29.324956
23.552469 -34.588484 32.580167
19.512431 -27.700935 32.580167
14.185779 -30.825399 29.324956
29.401449 -31.157637 34.238652
35.422820 -27.625671 34.251149
31.382783 -20.738122 34.251149
25.361408 -24.270090 34.238652
41.266642 -24.197851 32.568398
46.603310 -21.067511 29.335320
42.563273 -14.179962 29.335320
37.226600 -17.310304 32.568398
51.103224 -18.427989 24.696833
54.532624 -16.416400 18.958840
50.492588 -9.528850 18.958839
47.063182 -11.540443 24.696833
56.657753 -15.169859 12.427238
57.394250 -14.737851 5.498835
53.354213 -7.850302 5.498834
52.617712 -8.282312 12.427238
56.657755 -15.169858 -1.429567
52.617714 -8.282311 -1.429567
43.023150 -4.652893 -13.699159
38.523240 -7.292413 -18.337646
34.483198 -0.404868 -18.337646
38.983111 2.234653 -13.699159
42.412512 4.246243 -7.961164
46.452548 -2.641305 -7.961164
33.186571 -10.422752 -21.570728
27.342750 -13.850572 -23.253482
23.302714 -6.963025 -23.253482
29.146531 -3.535207 -21.570728
21.321379 -17.382539 -23.240985
15.472398 -20.813386 -21.582504
11.432358 -13.925839 -21.582504
17.281339 -10.494993 -23.240985
10.145747 -23.937849 -18.327296
5.631536 -26.585757 -13.707519
1.591496 -19.698211 -13.707519
6.105707 -17.050303 -18.327296
2.219877 -28.586940 -7.955327
0.074589 -29.845306 -1.432589
-3.965450 -22.957758 -1.432589
-1.820162 -21.699395 -7.955327
-0.640505 -30.264760 5.498828
0.074589 -29.845306 12.430245
-3.965451 -22.957759 12.430245
-4.680545 -23.377214 5.498828
2.219874 -28.586942 18.952983
5.631530 -26.585761 24.705174
1.591491 -19.698214 24.705176
-1.820166 -21.699397 18.952983
10.145739 -23.937854 29.324956
15.472389 -20.813391 32.580167
11.432348 -13.925845 32.580167
6.105699 -17.050308 29.324956
21.321369 -17.382545 34.238652
27.342740 -13.850579 34.251149
23.302699 -6.963032 34.251149
17.281329 -10.494999 34.238652
33.186561 -10.422758 32.568398
38.523230 -7.292419 29.335320
34.483190 -0.404872 29.335320
29.146521 -3.535213 32.568398
43.023144 -4.652896 24.696833
46.452543 -2.641308 18.958840
42.412505 4.246240 18.958839
38.983102 2.234648 24.696833
48.577673 -1.394767 12.427238
49.314170 -0.962758 5.498835
45.274129 5.924788 5.498835
44.537633 5.492779 12.427238
48.577674 -1.394766 -1.429567
44.537635 5.492780 -1.429567
34.943070 9.122200 -13.699159
30.443160 6.482679 -18.337646
26.403118 13.370224 -18.337646
30.903030 16.009746 -13.699159
34.332428 18.021334 -7.961164
38.372468 11.133788 -7.961164
25.106491 3.352340 -21.570728
19.262670 -0.075480 -23.253482
15.222630 6.812066 -23.253482
21.066451 10.239886 -21.570728
13.241299 -3.607446 -23.240985
7.392318 -7.038293 -21.582504
3.352278 -0.150747 -21.582504
9.201259 3.280100 -23.240985
2.065667 -10.162756 -18.327296
-2.448544 -12.810665 -13.707519
-6.488584 -5.923119 -13.707519
-1.974373 -3.275210 -18.327296
-5.860203 -14.811848 -7.955327
-8.005491 -16.070213 -1.432589
-12.045529 -9.182666 -1.432589
-9.900243 -7.924302 -7.955327
-8.720586 -16.489668 5.498828
-8.005491 -16.070213 12.430245
-12.045531 -9.182667 12.430245
-12.760625 -9.602122 5.498828
-5.860206 -14.811850 18.952983
-2.448550 -12.810669 24.705174
-6.488589 -5.923122 24.705176
-9.900246 -7.924304 18.952983
2.065659 -10.162761 29.324956
7.392309 -7.038299 32.580167
3.352268 -0.150753 32.580167
-1.974381 -3.275215 29.324956
13.241288 -3.607452 34.238652
19.262660 -0.075486 34.251149
15.222620 6.812060 34.251149
9.201249 3.280093 34.238652
25.106481 3.352334 32.568398
30.443150 6.482674 29.335320
26.403110 13.370220 29.335320
21.066440 10.239880 32.568398
34.943064 9.122196 24.696833
38.372463 11.133785 18.958840
34.332425 18.021332 18.958839
30.903022 16.009741 24.696833
40.497593 12.380326 12.427238
41.234090 12.812334 5.498835
37.194050 19.699880 5.498835
36.457553 19.267872 12.427238
40.497594 12.380327 -1.429567
36.457554 19.267873 -1.429567
26.862990 22.897292 -13.699159
22.363080 20.257771 -18.337646
18.323038 27.145316 -18.337646
22.822950 29.784838 -13.699159
26.252348 31.796426 -7.961164
30.292388 24.908880 -7.961164
17.026411 17.127432 -21.570728
11.182590 13.699612 -23.253482
7.142550 20.587158 -23.253482
12.986371 24.014978 -21.570728
5.161219 10.167646 -23.240985
-0.687762 6.736799 -21.582504
-4.727802 13.624344 -21.582504
1.121179 17.055192 -23.240985
-6.014413 3.612335 -18.327296
-10.528624 0.964427 -13.707519
-14.568663 7.851973 -13.707519
-10.054453 10.499881 -18.327296
-13.940283 -1.036756 -7.955327
-16.085571 -2.295121 -1.432589
-20.125609 4.592425 -1.432589
-17.980323 5.850790 -7.955327
-16.800665 -2.714576 5.498828
-16.085571 -2.295121 12.430245
-20.125611 4.592425 12.430245
-20.840705 4.172970 5.498828
-13.940286 -1.036758 18.952983
-10.528630 0.964423 24.705174
-14.568668 7.851970 24.705176
-17.980326 5.850788 18.952983
-6.014421 3.612331 29.324956
-0.687771 6.736793 32.580167
-4.727812 13.624339 32.580167
-10.054461 10.499877 29.324956
5.161209 10.167639 34.238652
11.182580 13.699606 34.251149
7.142540 20.587152 34.251149
1.121169 17.055185 34.238652
17.026401 17.127426 32.568398
22.363070 20.257765 29.335320
18.323030 27.145311 29.335320
12.986361 24.014972 32.568398
26.862984 22.897288 24.696833
30.292383 24.908877 18.958840
26.252345 31.796424 18.958839
22.822942 29.784833 24.696833
32.417513 26.155418 12.427238
33.154010 26.587426 5.498835
29.113970 33.474972 5.498835
28.377473 33.042964 12.427238
32.417514 26.155419 -1.429567
28.377474 33.042965 -1.429567
18.782910 36.672384 -13.699159
14.283000 34.032864 -18.337646
10.242958 40.920408 -18.337646
14.742871 43.559930 -13.699159
18.172268 45.571517 -7.961164
22.212308 38.683972 -7.961164
8.946331 30.902524 -21.570728
3.102510 27.474704 -23.253482
-0.937529 34.362250 -23.253482
4.906291 37.790070 -21.570728
-2.918861 23.942738 -23.240985
-8.767842 20.511891 -21.582504
-12.807882 27.399436 -21.582504
-6.958901 30.830283 -23.240985
-14.094493 17.387428 -18.327296
-18.608704 14.739519 -13.707519
-22.648743 21.627065 -13.707519
-18.134533 24.274973 -18.327296
-22.020363 12.738336 -7.955327
-24.165651 11.479971 -1.432589
-28.205689 18.367517 -1.432589
-26.060403 19.625882 -7.955327
-24.880746 11.060517 5.498828
-24.165651 11.479971 12.430245
-28.205691 18.367516 12.430245
-28.920785 17.948062 5.498828
-22.020366 12.738334 18.952983
-18.608710 14.739515 24.705174
-22.648748 21.627062 24.705176
-26.060406 19.625880 18.952983
-14.094501 17.387423 29.324956
-8.767851 20.511886 32.580167
-12.807892 27.399431 32.580167
-18.134541 24.274969 29.324956
-2.918871 23.942732 34.238652
3.102500 27.474698 34.251149
-0.937540 34.362243 34.251149
-6.958911 30.830277 34.238652
8.946321 30.902519 32.568398
14.282990 34.032858 29.335320
10.242950 40.920403 29.335320
4.906281 37.790064 32.568398
18.782904 36.672380 24.696833
22.212303 38.683969 18.958840
18.172265 45.571516 18.958839
14.742862 43.559925 24.696833
24.337433 39.930510 12.427238
25.073930 40.362518 5.498835
21.033890 47.250064 5.498835
20.297393 46.818056 12.427238
24.337434 39.930511 -1.429567
20.297395 46.818056 -1.429567
10.702830 50.447477 -13.699159
6.202919 47.807956 -18.337646
2.285899 52.453333 -16.847865
6.504567 54.927880 -12.499284
9.719625 56.813747 -7.119915
14.132228 52.459065 -7.961164
0.866251 44.677617 -21.570728
-4.977570 41.249797 -23.253482
-8.195810 46.305059 -21.456460
-2.717226 49.518637 -19.878879
-10.998941 37.717831 -23.240985
-16.847922 34.286984 -21.582504
-19.324265 39.777421 -19.889922
-13.840844 42.993837 -21.444747
-22.174573 31.162521 -18.327296
-26.688784 28.514612 -13.707519
-28.550072 34.365824 -12.507121
-24.317998 36.848234 -16.838165
-30.100443 26.513429 -7.955327
-32.245731 25.255064 -1.432589
-33.759710 31.309997 -0.999375
-31.748501 32.489711 -7.114442
-32.960826 24.835609 5.498828
-32.245731 25.255064 12.430245
-33.759713 31.309995 11.997032
-34.430109 30.916756 5.498828
-30.100447 26.513427 18.952983
-26.688791 28.514608 24.705174
-28.550078 34.365820 23.504781
-31.748504 32.489710 18.112098
-22.174582 31.162516 29.324956
-16.847931 34.286978 32.580167
-19.324273 39.777417 30.887584
-24.318006 36.848229 27.835824
-10.998952 37.717824 34.238652
-4.977581 41.249791 34.251149
-8.195820 46.305053 32.454127
-13.840853 42.993832 32.442414
0.866241 44.677611 32.568398
6.202909 47.807950 29.335320
2.285889 52.453328 27.845538
-2.717236 49.518631 30.876550
10.702823 50.447473 24.696833
14.132223 52.459062 18.958840
9.719620 56.813745 18.117589
6.504560 54.927877 23.496959
16.257352 53.705603 12.427238
16.993849 54.137611 5.498835
12.402394 58.387383 5.498835
11.711931 57.982373 11.994213
16.257354 53.705604 -1.429567
11.711933 57.982374 -0.996542
-1.385081 52.614371 -12.378528
1.989853 54.594011 -8.899661
-4.789567 50.617395 -6.660383
-2.293673 52.081416 -4.500121
-0.744750 52.989971 -1.367240
4.561902 56.102703 -4.596166
-9.770448 47.695751 -16.065400
-5.387582 50.266616 -14.803336
-10.492841 47.272015 -9.167998
-7.416892 49.076281 -8.599897
-18.673212 42.473641 -14.812171
-14.286476 45.046776 -16.056030
-16.548022 43.720217 -8.315617
-13.596679 45.451392 -9.469822
-26.053858 38.144363 -8.905931
-22.668200 40.130294 -12.370765
-21.567940 40.775676 -4.298511
-19.417321 42.037168 -6.910609
-30.221567 35.699702 0.300267
-28.612601 36.643476 -4.591787
-24.402591 39.112949 1.963048
-23.545378 39.615766 -1.508542
-30.221569 35.699701 10.697392
-30.757889 35.385111 5.498829
-24.402592 39.112949 9.034613
-25.035161 38.741902 5.498830
-26.053863 38.144360 19.903590
-28.612606 36.643474 15.589445
-21.567943 40.775674 15.296173
-23.545381 39.615764 12.506202
-18.673220 42.473637 25.809832
-22.668207 40.130290 23.368426
-16.548027 43.720215 19.313281
-19.417325 42.037165 17.908273
-9.770456 47.695746 27.063069
-14.286484 45.046772 27.053696
-10.492847 47.272012 20.165664
-13.596685 45.451389 20.467488
-1.385089 52.614366 23.376199
-5.387590 50.266612 25.801007
-4.789572 50.617392 17.658053
-7.416897 49.076277 19.597565
4.561897 56.102700 15.593838
1.989846 54.594007 19.897334
-0.744753 52.989969 12.364911
-2.293678 52.081413 15.497792
6.708116 57.361611 5.498834
6.155744 57.037605 10.695137
0.714991 53.846213 5.498834
0.599307 53.778356 9.107378
6.155746 57.037606 0.302533
0.599308 53.778357 1.890291
42.682104 -32.624897 -0.900498
42.876350 -32.510958 1.589534
36.451519 -36.279577 5.498833
40.573375 -33.861818 -1.424194
39.403244 -34.548183 -3.524354
37.326132 -35.766559 -2.851940
35.448180 -36.868112 -4.081106
33.878527 -37.788827 -2.366625
31.722969 -39.053216 -2.443210
31.020364 -39.465344 -0.079427
29.081013 -40.602913 1.014113
29.406413 -40.412042 3.485683
28.127551 -41.162186 5.498832
29.406413 -40.412042 7.511981
29.081011 -40.602914 9.983550
31.020362 -39.465346 11.077091
31.722967 -39.053217 13.440874
33.878524 -37.788828 13.364290
35.448177 -36.868114 15.078772
37.326129 -35.766561 13.849607
39.403241 -34.548185 14.522022
40.573372 -33.861820 12.421863
42.682101 -32.624898 11.898167
42.876348 -32.510959 9.408135
44.533611 -31.538855 7.808302
43.707474 -32.023444 5.498834
44.533612 -31.538854 3.189367
-5.798376 50.025656 -0.900498
-7.907106 48.788735 -1.424194
-12.028957 46.370969 5.498833
-5.604130 50.139595 1.589534
-9.077236 48.102370 -3.524354
-11.154348 46.883994 -2.851940
-13.032300 45.782441 -4.081106
-14.601953 44.861726 -2.366625
-16.757511 43.597337 -2.443210
-17.460117 43.185209 -0.079427
-19.399467 42.047640 1.014113
-19.074067 42.238511 3.485683
-20.352929 41.488367 5.498832
-19.074067 42.238511 7.511981
-19.399469 42.047639 9.983550
-17.460119 43.185207 11.077091
-16.757513 43.597336 13.440874
-14.601956 44.861725 13.364290
-13.032304 45.782439 15.078772
-11.154351 46.883992 13.849607
-9.077240 48.102368 14.522022
-7.907109 48.788733 12.421863
-5.798379 50.025655 11.898167
-5.604132 50.139594 9.408135
-3.946869 51.111698 7.808302
-4.773006 50.627109 5.498834
-3.946868 51.111699 3.189367
988
0 1 2
2 1 3
4 5 1
1 5 3
6 7 5
5 7 3
8 2 7
7 2 3
9 10 11
11 10 12
13 14 10
10 14 12
4 1 14
14 1 12
0 11 1
1 11 12
15 16 17
17 16 18
19 20 16
16 20 18
13 10 20
20 10 18
9 17 10
10 17 18
21 22 23
23 22 24
25 26 22
22 26 24
19 16 26
26 16 24
15 23 16
16 23 24
27 28 29
29 28 30
31 32 28
28 32 30
25 22 32
32 22 30
21 29 22
22 29 30
33 34 35
35 34 36
37 38 34
34 38 36
31 28 38
38 28 36
27 35 28
28 35 36
39 40 41
41 40 42
43 44 40
40 44 42
37 34 44
44 34 42
33 41 34
34 41 42
45 46 47
47 46 48
49 50 46
46 50 48
43 40 50
50 40 48
39 47 40
40 47 48
51 52 53
53 52 54
55 56 52
52 56 54
49 46 56
56 46 54
45 53 46
46 53 54
57 58 59
59 58 60
61 62 58
58 62 60
55 52 62
62 52 60
51 59 52
52 59 60
63 64 65
65 64 66
67 68 64
64 68 66
61 58 68
68 58 66
57 65 58
58 65 66
69 70 71
71 70 72
73 74 70
70 74 72
67 64 74
74 64 72
63 71 64
64 71 72
8 7 75
75 7 76
6 77 7
7 77 76
73 70 77
77 70 76
69 75 70
70 75 76
5 4 78
78 4 79
79 80 78
78 80 81
81 82 78
78 82 83
83 6 78
78 6 5
14 13 84
84 13 85
85 86 84
84 86 87
87 80 84
84 80 79
79 4 84
84 4 14
20 19 88
88 19 89
89 90 88
88 90 91
91 86 88
88 86 85
85 13 88
88 13 20
26 25 92
92 25 93
93 94 92
92 94 95
95 90 92
92 90 89
89 19 92
92 19 26
32 31 96
96 31 97
97 98 96
96 98 99
99 94 96
96 94 93
93 25 96
96 25 32
38 37 100
100 37 101
101 102 100
100 102 103
103 98 100
100 98 97
97 31 100
100 31 38
44 43 104
104 43 105
105 106 104
104 106 107
107 102 104
104 102 101
101 37 104
104 37 44
50 49 108
108 49 109
109 110 108
108 110 111
111 106 108
108 106 105
105 43 108
108 43 50
56 55 112
112 55 113
113 114 112
112 114 115
115 110 112
112 110 109
109 49 112
112 49 56
62 61 116
116 61 117
117 118 116
116 118 119
119 114 116
116 114 113
113 55 116
116 55 62
68 67 120
120 67 121
121 122 120
120 122 123
123 118 120
120 118 117
117 61 120
120 61 68
74 73 124
124 73 125
125 126 124
124 126 127
127 122 124
124 122 121
121 67 124
124 67 74
77 6 128
128 6 83
83 82 128
128 82 129
129 126 128
128 126 125
125 73 128
128 73 77
81 80 130
130 80 131
131 132 130
130 132 133
133 134 130
130 134 135
135 82 130
130 82 81
87 86 136
136 86 137
137 138 136
136 138 139
139 132 136
136 132 131
131 80 136
136 80 87
91 90 140
140 90 141
141 142 140
140 142 143
143 138 140
140 138 137
137 86 140
140 86 91
95 94 144
144 94 145
145 146 144
144 146 147
147 142 144
144 142 141
141 90 144
144 90 95
99 98 148
148 98 149
149 150 148
148 150 151
151 146 148
148 146 145
145 94 148
148 94 99
103 102 152
152 102 153
153 154 152
152 154 155
155 150 152
152 150 149
149 98 152
152 98 103
107 106 156
156 106 157
157 158 156
156 158 159
159 154 156
156 154 153
153 102 156
156 102 107
111 110 160
160 110 161
161 162 160
160 162 163
163 158 160
160 158 157
157 106 160
160 106 111
115 114 164
164 114 165
165 166 164
164 166 167
167 162 164
164 162 161
161 110 164
164 110 115
119 118 168
168 118 169
169 170 168
168 170 171
171 166 168
168 166 165
165 114 168
168 114 119
123 122 172
172 122 173
173 174 172
172 174 175
175 170 172
172 170 169
169 118 172
172 118 123
127 126 176
176 126 177
177 178 176
176 178 179
179 174 176
176 174 173
173 122 176
176 122 127
129 82 180
180 82 135
135 134 180
180 134 181
181 178 180
180 178 177
177 126 180
180 126 129
133 132 182
182 132 183
183 184 182
182 184 185
185 186 182
182 186 187
187 134 182
182 134 133
139 138 188
188 138 189
189 190 188
188 190 191
191 184 188
188 184 183
183 132 188
188 132 139
143 142 192
192 142 193
193 194 192
192 194 195
195 190 192
192 190 189
189 138 192
192 138 143
147 146 196
196 146 197
197 198 196
196 198 199
199 194 196
196 194 193
193 142 196
196 142 147
151 150 200
200 150 201
201 202 200
200 202 203
203 198 200
200 198 197
197 146 200
200 146 151
155 154 204
204 154 205
205 206 204
204 206 207
207 202 204
204 202 201
201 150 204
204 150 155
159 158 208
208 158 209
209 210 208
208 210 211
211 206 208
208 206 205
205 154 208
208 154 159
163 162 212
212 162 213
213 214 212
212 214 215
215 210 212
212 210 209
209 158 212
212 158 163
167 166 216
216 166 217
217 218 216
216 218 219
219 214 216
216 214 213
213 162 216
216 162 167
171 170 220
220 170 221
221 222 220
220 222 223
223 218 220
220 218 217
217 166 220
220 166 171
175 174 224
224 174 225
225 226 224
224 226 227
227 222 224
224 222 221
221 170 224
224 170 175
179 178 228
228 178 229
229 230 228
228 230 231
231 226 228
228 226 225
225 174 228
228 174 179
181 134 232
232 134 187
187 186 232
232 186 233
233 230 232
232 230 229
229 178 232
232 178 181
185 184 234
234 184 235
235 236 234
234 236 237
237 238 234
234 238 239
239 186 234
234 186 185
191 190 240
240 190 241
241 242 240
240 242 243
243 236 240
240 236 235
235 184 240
240 184 191
195 194 244
244 194 245
245 246 244
244 246 247
247 242 244
244 242 241
241 190 244
244 190 195
199 198 248
248 198 249
249 250 248
248 250 251
251 246 248
248 246 245
245 194 248
248 194 199
203 202 252
252 202 253
253 254 252
252 254 255
255 250 252
252 250 249
249 198 252
252 198 203
207 206 256
256 206 257
257 258 256
256 258 259
259 254 256
256 254 253
253 202 256
256 202 207
211 210 260
260 210 261
261 262 260
260 262 263
263 258 260
260 258 257
257 206 260
260 206 211
215 214 264
264 214 265
265 266 264
264 266 267
267 262 264
264 262 261
261 210 264
264 210 215
219 218 268
268 218 269
269 270 268
268 270 271
271 266 268
268 266 265
265 214 268
268 214 219
223 222 272
272 222 273
273 274 272
272 274 275
275 270 272
272 270 269
269 218 272
272 218 223
227 226 276
276 226 277
277 278 276
276 278 279
279 274 276
276 274 273
273 222 276
276 222 227
231 230 280
280 230 281
281 282 280
280 282 283
283 278 280
280 278 277
277 226 280
280 226 231
233 186 284
284 186 239
239 238 284
284 238 285
285 282 284
284 282 281
281 230 284
284 230 233
237 236 286
286 236 287
287 288 286
286 288 289
289 290 286
286 290 291
291 238 286
286 238 237
243 242 292
292 242 293
293 294 292
292 294 295
295 288 292
292 288 287
287 236 292
292 236 243
247 246 296
296 246 297
297 298 296
296 298 299
299 294 296
296 294 293
293 242 296
296 242 247
251 250 300
300 250 301
301 302 300
300 302 303
303 298 300
300 298 297
297 246 300
300 246 251
255 254 304
304 254 305
305 306 304
304 306 307
307 302 304
304 302 301
301 250 304
304 250 255
259 258 308
308 258 309
309 310 308
308 310 311
311 306 308
308 306 305
305 254 308
308 254 259
263 262 312
312 262 313
313 314 312
312 314 315
315 310 312
312 310 309
309 258 312
312 258 263
267 266 316
316 266 317
317 318 316
316 318 319
319 314 316
316 314 313
313 262 316
316 262 267
271 270 320
320 270 321
321 322 320
320 322 323
323 318 320
320 318 317
317 266 320
320 266 271
275 274 324
324 274 325
325 326 324
324 326 327
327 322 324
324 322 321
321 270 324
324 270 275
279 278 328
328 278 329
329 330 328
328 330 331
331 326 328
328 326 325
325 274 328
328 274 279
283 282 332
332 282 333
333 334 332
332 334 335
335 330 332
332 330 329
329 278 332
332 278 283
285 238 336
336 238 291
291 290 336
336 290 337
337 334 336
336 334 333
333 282 336
336 282 285
289 288 338
338 288 339
339 340 338
338 340 341
341 342 338
338 342 343
343 290 338
338 290 289
295 294 344
344 294 345
345 346 344
344 346 347
347 340 344
344 340 339
339 288 344
344 288 295
299 298 348
348 298 349
349 350 348
348 350 351
351 346 348
348 346 345
345 294 348
348 294 299
303 302 352
352 302 353
353 354 352
352 354 355
355 350 352
352 350 349
349 298 352
352 298 303
307 306 356
356 306 357
357 358 356
356 358 359
359 354 356
356 354 353
353 302 356
356 302 307
311 310 360
360 310 361
361 362 360
360 362 363
363 358 360
360 358 357
357 306 360
360 306 311
315 314 364
364 314 365
365 366 364
364 366 367
367 362 364
364 362 361
361 310 364
364 310 315
319 318 368
368 318 369
369 370 368
368 370 371
371 366 368
368 366 365
365 314 368
368 314 319
323 322 372
372 322 373
373 374 372
372 374 375
375 370 372
372 370 369
369 318 372
372 318 323
327 326 376
376 326 377
377 378 376
376 378 379
379 374 376
376 374 373
373 322 376
376 322 327
331 330 380
380 330 381
381 382 380
380 382 383
383 378 380
380 378 377
377 326 380
380 326 331
335 334 384
384 334 385
385 386 384
384 386 387
387 382 384
384 382 381
381 330 384
384 330 335
337 290 388
388 290 343
343 342 388
388 342 389
389 386 388
388 386 385
385 334 388
388 334 337
340 390 341
341 390 391
392 393 390
390 393 391
394 395 393
393 395 391
342 341 395
395 341 391
346 396 347
347 396 397
398 399 396
396 399 397
392 390 399
399 390 397
340 347 390
390 347 397
350 400 351
351 400 401
402 403 400
400 403 401
398 396 403
403 396 401
346 351 396
396 351 401
354 404 355
355 404 405
406 407 404
404 407 405
402 400 407
407 400 405
350 355 400
400 355 405
358 408 359
359 408 409
410 411 408
408 411 409
406 404 411
411 404 409
354 359 404
404 359 409
362 412 363
363 412 413
414 415 412
412 415 413
410 408 415
415 408 413
358 363 408
408 363 413
366 416 367
367 416 417
418 419 416
416 419 417
414 412 419
419 412 417
362 367 412
412 367 417
370 420 371
371 420 421
422 423 420
420 423 421
418 416 423
423 416 421
366 371 416
416 371 421
374 424 375
375 424 425
426 427 424
424 427 425
422 420 427
427 420 425
370 375 420
420 375 425
378 428 379
379 428 429
430 431 428
428 431 429
426 424 431
431 424 429
374 379 424
424 379 429
382 432 383
383 432 433
434 435 432
432 435 433
430 428 435
435 428 433
378 383 428
428 383 433
386 436 387
387 436 437
438 439 436
436 439 437
434 432 439
439 432 437
382 387 432
432 387 437
342 395 389
389 395 440
394 441 395
395 441 440
438 436 441
441 436 440
386 389 436
436 389 440
2 8 442
442 8 443
444 445 443
443 445 442
445 0 442
442 0 2
11 0 446
446 0 445
444 447 445
445 447 446
447 9 446
446 9 11
17 9 448
448 9 447
444 449 447
447 449 448
449 15 448
448 15 17
23 15 450
450 15 449
444 451 449
449 451 450
451 21 450
450 21 23
29 21 452
452 21 451
444 453 451
451 453 452
453 27 452
452 27 29
35 27 454
454 27 453
444 455 453
453 455 454
455 33 454
454 33 35
41 33 456
456 33 455
444 457 455
455 457 456
457 39 456
456 39 41
47 39 458
458 39 457
444 459 457
457 459 458
459 45 458
458 45 47
53 45 460
460 45 459
444 461 459
459 461 460
461 51 460
460 51 53
59 51 462
462 51 461
444 463 461
461 463 462
463 57 462
462 57 59
65 57 464
464 57 463
444 465 463
463 465 464
465 63 464
464 63 65
71 63 466
466 63 465
444 467 465
465 467 466
467 69 466
466 69 71
75 69 468
468 69 467
444 443 467
467 443 468
443 8 468
468 8 75
393 392 469
469 392 470
471 472 470
470 472 469
472 394 469
469 394 393
399 398 473
473 398 474
471 470 474
474 470 473
470 392 473
473 392 399
403 402 475
475 402 476
471 474 476
476 474 475
474 398 475
475 398 403
407 406 477
477 406 478
471 476 478
478 476 477
476 402 477
477 402 407
411 410 479
479 410 480
471 478 480
480 478 479
478 406 479
479 406 411
415 414 481
481 414 482
471 480 482
482 480 481
480 410 481
481 410 415
419 418 483
483 418 484
471 482 484
484 482 483
482 414 483
483 414 419
423 422 485
485 422 486
471 484 486
486 484 485
484 418 485
485 418 423
427 426 487
487 426 488
471 486 488
488 486 487
486 422 487
487 422 427
431 430 489
489 430 490
471 488 490
490 488 489
488 426 489
489 426 431
435 434 491
491 434 492
471 490 492
492 490 491
490 430 491
491 430 435
439 438 493
493 438 494
471 492 494
494 492 493
492 434 493
493 434 439
441 394 495
495 394 472
471 494 472
472 494 495
494 438 495
495 438 441
