1024
25.586777 -87.591595 86.033989
32.618027 -82.596951 81.238312
25.586777 -68.588628 100.878853
32.618027 -64.639371 95.302483
32.618027 -43.688870 105.348321
25.586777 -46.418504 111.482331
17.379753 -48.368554 115.865311
17.379753 -71.409970 104.863381
17.379753 -91.159764 89.460679
32.618027 3.200352 113.384987
25.586777 3.200352 119.965104
32.618027 -20.743081 111.375824
25.586777 -22.136937 117.844414
17.379753 3.200352 124.666855
17.379753 -23.132704 122.466477
8.383682 3.200351 127.491898
-1.014709 3.200351 128.441849
8.383682 -23.730546 125.243622
-1.014709 -23.930615 126.177491
-1.014709 -49.931126 119.384369
8.383682 -49.539323 118.498810
-1.014709 -94.018948 92.211953
8.383682 -93.302029 91.519600
-1.014709 -73.670720 108.062523
8.383682 -73.103856 107.257470
32.618027 71.040080 95.302483
32.618027 88.997653 81.238312
25.586777 74.989337 100.878853
25.586777 93.992313 86.033989
17.379753 97.560474 89.460679
17.379753 77.810687 104.863381
17.379753 54.769256 115.865311
25.586777 52.819209 111.482331
32.618027 50.089576 105.348313
-1.014709 100.419650 92.211953
-1.014709 80.071429 108.062531
8.383682 99.702731 91.519608
8.383682 79.504565 107.257477
-1.014709 56.331828 119.384369
8.383682 55.940025 118.498810
-1.014709 30.331317 126.177491
8.383682 30.131248 125.243622
17.379753 29.533408 122.466477
32.618027 27.143783 111.375824
25.586777 28.537641 117.844414
-27.756542 94.023967 86.101670
-34.896950 89.045146 81.339829
-27.756542 75.014377 100.957551
-34.896954 71.077640 95.420533
-34.896950 50.115531 105.478173
-27.756542 52.836517 111.568894
-19.471548 54.779765 115.917870
-19.471548 77.825885 104.911164
-19.471548 97.579700 89.501778
-34.896950 3.200352 113.524285
-27.756542 3.200351 120.057969
-34.896954 27.157039 111.512757
-27.756544 28.546478 117.935700
-19.471546 3.200351 124.723237
-19.471548 29.538776 122.521897
-10.428695 3.200351 127.518418
-10.428695 30.133773 125.269700
-10.428695 55.944968 118.523545
-10.428694 99.711787 91.538941
-10.428694 79.511714 107.279954
-34.896954 -64.676938 95.420533
-34.896950 -82.644444 81.339829
-27.756544 -68.613675 100.957551
-27.756542 -87.623265 86.101670
-19.471546 -91.178998 89.501778
-19.471548 -71.425183 104.911164
-19.471548 -48.379063 115.917870
-27.756542 -46.435815 111.568894
-34.896950 -43.714829 105.478173
-10.428694 -93.311078 91.538941
-10.428695 -73.111012 107.279954
-10.428695 -49.544270 118.523545
-10.428694 -23.733071 125.269700
-19.471548 -23.138074 122.521897
-34.896954 -20.756337 111.512757
-27.756542 -22.145776 117.935700
25.586777 108.772388 66.947732
32.618027 102.964656 63.155793
32.618027 112.941081 42.059536
25.586777 119.329593 44.680436
17.379753 123.893535 46.553162
17.379753 112.921428 69.657212
32.618027 120.922229 -5.155898
25.586777 127.775356 -5.155899
32.618027 118.926944 18.954114
25.586777 125.663913 20.292443
17.379753 132.671207 -5.155898
17.379753 130.476795 21.248728
8.383682 135.610599 -5.155899
-1.014709 136.594272 -5.155899
8.383682 133.366351 21.823311
-1.014709 134.333362 22.016524
-1.014709 127.550617 48.056759
8.383682 126.633624 47.678383
-1.014709 116.246043 71.832627
8.383682 115.412425 71.285187
32.618027 102.964656 -73.467590
32.618027 88.997653 -91.550109
25.586777 108.772388 -77.259529
25.586777 93.992297 -96.345787
17.379753 97.560474 -99.772476
17.379753 112.921420 -79.969009
17.379753 123.893535 -56.864963
25.586777 119.329593 -54.992233
32.618027 112.941081 -52.371337
-1.014709 100.419650 -102.523750
-1.014709 116.246043 -82.144432
8.383682 99.702739 -101.831397
8.383682 115.412425 -81.596992
-1.014709 127.550617 -58.368560
8.383682 126.633632 -57.990188
-1.014709 134.333362 -32.328323
8.383682 133.366351 -32.135108
17.379753 130.476795 -31.560525
32.618027 118.926936 -29.265909
25.586777 125.663913 -30.604240
-27.756542 94.023967 -96.413467
-34.896950 89.045146 -91.651626
-27.756542 108.809207 -77.313049
-34.896954 103.019878 -73.547866
-34.896950 113.001834 -52.426818
-27.756542 119.370097 -55.029220
-19.471548 123.918124 -56.887420
-19.471548 112.943782 -80.001510
-19.471548 97.579700 -99.813575
-34.896950 120.987399 -5.155898
-27.756542 127.818805 -5.155899
-34.896954 118.991016 -29.294239
-27.756544 125.706622 -30.623126
-19.471546 132.697604 -5.155899
-19.471548 130.502734 -31.571994
-10.428695 135.623020 -5.155899
-10.428695 133.378558 -32.140506
-10.428695 126.645206 -58.000755
-10.428694 115.422946 -81.612289
-10.428694 99.711780 -101.850738
-34.896954 103.019885 63.236069
-27.756544 108.809207 67.001252
-19.471548 112.943782 69.689713
-19.471548 123.918124 46.575623
-27.756542 119.370090 44.717423
-34.896950 113.001842 42.115017
-10.428695 115.422946 71.300484
-10.428695 126.645206 47.688958
-10.428694 133.378558 21.828707
-19.471548 130.502734 21.260197
-34.896954 118.991016 18.982441
-27.756542 125.706622 20.311329
25.586777 74.989337 -111.190650
32.618027 71.040080 -105.614280
32.618027 50.089572 -115.660110
25.586777 52.819209 -121.794128
17.379753 54.769256 -126.177108
17.379753 77.810687 -115.175178
32.618027 3.200351 -123.696785
25.586777 3.200351 -130.276901
32.618027 27.143783 -121.687606
25.586777 28.537639 -128.156204
17.379753 3.200351 -134.978652
17.379753 29.533408 -132.778274
8.383682 3.200351 -137.803695
-1.014709 3.200351 -138.753646
8.383682 30.131248 -135.555419
-1.014709 30.331317 -136.489288
-1.014709 56.331828 -129.696167
8.383682 55.940025 -128.810607
-1.014709 80.071422 -118.374321
8.383682 79.504565 -117.569267
32.618027 -64.639378 -105.614280
32.618027 -82.596951 -91.550102
25.586777 -68.588635 -111.190650
25.586777 -87.591611 -96.345787
17.379753 -91.159772 -99.772476
17.379753 -71.409985 -115.175178
17.379753 -48.368554 -126.177108
25.586777 -46.418507 -121.794128
32.618027 -43.688874 -115.660110
-1.014709 -94.018948 -102.523750
-1.014709 -73.670727 -118.374328
8.383682 -93.302029 -101.831405
8.383682 -73.103863 -117.569274
-1.014709 -49.931126 -129.696167
8.383682 -49.539323 -128.810607
-1.014709 -23.930615 -136.489288
8.383682 -23.730546 -135.555419
17.379753 -23.132706 -132.778274
32.618027 -20.743081 -121.687606
25.586777 -22.136937 -128.156211
-27.756542 -87.623265 -96.413467
-34.896950 -82.644444 -91.651626
-27.756542 -68.613675 -111.269348
-34.896954 -64.676923 -105.732330
-34.896950 -43.714829 -115.789970
-27.756542 -46.435811 -121.880691
-19.471548 -48.379060 -126.229667
-19.471548 -71.425183 -115.222961
-19.471548 -91.178998 -99.813575
-34.896950 3.200353 -123.836082
-27.756542 3.200352 -130.369766
-34.896954 -20.756335 -121.824554
-27.756544 -22.145774 -128.247497
-19.471546 3.200351 -135.035034
-19.471548 -23.138072 -132.833694
-10.428695 3.200351 -137.830215
-10.428695 -23.733071 -135.581497
-10.428695 -49.544266 -128.835342
-10.428694 -93.311085 -101.850738
-10.428694 -73.111012 -117.591751
-34.896954 71.077640 -105.732330
-27.756544 75.014377 -111.269348
-19.471548 77.825885 -115.222961
-19.471548 54.779765 -126.229667
-27.756542 52.836517 -121.880691
-34.896950 50.115531 -115.789970
-10.428695 79.511714 -117.591751
-10.428695 55.944972 -128.835342
-10.428694 30.133773 -135.581497
-19.471548 29.538776 -132.833694
-34.896954 27.157039 -121.824554
-27.756542 28.546478 -128.247497
25.586777 -102.371686 -77.259529
32.618027 -96.563954 -73.467590
32.618027 -106.540379 -52.371334
25.586777 -112.928891 -54.992233
17.379753 -117.492833 -56.864959
17.379753 -106.520726 -79.969009
32.618027 -114.521527 -5.155898
25.586777 -121.374654 -5.155899
32.618027 -112.526242 -29.265909
25.586777 -119.263211 -30.604240
17.379753 -126.270505 -5.155898
17.379753 -124.076093 -31.560525
8.383682 -129.209897 -5.155899
-1.014709 -130.193570 -5.155898
8.383682 -126.965649 -32.135108
-1.014709 -127.932660 -32.328321
-1.014709 -121.149914 -58.368556
8.383682 -120.232922 -57.990180
-1.014709 -109.845341 -82.144424
8.383682 -109.011723 -81.596984
32.618027 -96.563954 63.155793
25.586777 -102.371686 66.947732
17.379753 -106.520718 69.657212
17.379753 -117.492833 46.553166
25.586777 -112.928891 44.680436
32.618027 -106.540379 42.059540
-1.014709 -109.845341 71.832634
8.383682 -109.011716 71.285195
-1.014709 -121.149914 48.056763
8.383682 -120.232930 47.678391
-1.014709 -127.932660 22.016526
8.383682 -126.965649 21.823311
17.379753 -124.076093 21.248728
32.618027 -112.526234 18.954114
25.586777 -119.263211 20.292443
-27.756542 -102.408505 67.001252
-34.896954 -96.619176 63.236069
-34.896950 -106.601132 42.115021
-27.756542 -112.969395 44.717423
-19.471548 -117.517422 46.575623
-19.471548 -106.543080 69.689713
-34.896950 -114.586697 -5.155899
-27.756542 -121.418103 -5.155899
-34.896954 -112.590314 18.982441
-27.756544 -119.305920 20.311329
-19.471546 -126.296887 -5.155898
-19.471548 -124.102032 21.260197
-10.428695 -129.222318 -5.155898
-10.428695 -126.977856 21.828709
-10.428695 -120.244504 47.688958
-10.428694 -109.022244 71.300492
-34.896954 -96.619176 -73.547866
-27.756544 -102.408505 -77.313049
-19.471548 -106.543080 -80.001510
-19.471548 -117.517422 -56.887420
-27.756542 -112.969388 -55.029220
-34.896950 -106.601132 -52.426815
-10.428695 -109.022244 -81.612281
-10.428695 -120.244504 -58.000755
-10.428694 -126.977856 -32.140504
-19.471548 -124.102032 -31.571994
-34.896954 -112.590314 -29.294239
-27.756542 -119.305920 -30.623126
38.086777 -76.175259 -85.384223
38.086777 -89.096867 -68.592247
41.989128 -68.683850 -78.191902
41.989128 -80.385922 -62.905296
41.989128 -88.744550 -45.070922
38.086777 -98.326581 -49.001609
44.321182 -60.480042 -70.316902
45.079041 -51.921178 -62.102981
44.321182 -70.846616 -56.678550
45.079041 -60.894444 -50.183822
45.079041 -67.303921 -36.278139
44.321182 -78.251309 -40.767143
45.079041 -72.431508 -5.155895
44.321182 -84.175076 -5.155895
45.079041 -71.149609 -21.048105
44.321182 -82.694127 -23.340362
41.989128 -95.431454 -5.155896
41.989128 -93.759724 -25.538038
38.086777 -105.710362 -5.155897
38.086777 -103.864423 -27.545196
37.868454 -27.687449 -38.865257
32.290546 -21.281588 -32.733222
37.868454 -32.715695 -31.809810
32.290546 -25.267022 -26.961223
32.290546 -28.113759 -20.227224
37.868454 -36.307301 -23.578453
41.856575 -45.874879 -27.495927
41.856575 -41.413491 -37.477645
41.856575 -35.167554 -46.033401
32.290546 -30.391148 -5.155893
37.868454 -39.180585 -5.155893
32.290546 -29.821805 -12.851892
37.868454 -38.462270 -14.563158
41.856575 -49.443982 -5.155893
41.856575 -48.551709 -16.563570
44.258804 -60.691052 -5.155894
44.258804 -59.608144 -18.757197
44.258804 -56.359433 -31.791778
44.258804 -43.364571 -53.893894
44.258804 -50.944905 -43.692916
32.290546 -25.267018 16.649437
32.290546 -21.281586 22.421435
37.868454 -32.715695 21.498024
37.868454 -27.687449 28.553475
41.856575 -35.167554 35.721619
41.856575 -41.413487 27.165860
41.856575 -45.874875 17.184140
37.868454 -36.307301 13.266667
32.290546 -28.113759 9.915437
45.079041 -51.921174 51.791195
45.079041 -60.894444 39.872036
44.258804 -43.364568 43.582112
44.258804 -50.944905 33.381135
45.079041 -67.303921 25.966351
44.258804 -56.359433 21.479992
45.079041 -71.149609 10.736317
44.258804 -59.608144 8.445410
41.856575 -48.551701 6.251784
32.290546 -29.821801 2.540105
37.868454 -38.462266 4.251372
38.086777 -76.175252 75.072426
38.086777 -89.096860 58.280453
38.086777 -98.326581 38.689816
41.989128 -88.744550 34.759129
41.989128 -80.385922 52.593506
41.989128 -68.683842 67.880112
38.086777 -103.864415 17.233403
41.989128 -93.759724 15.226246
44.321182 -82.694134 13.028573
44.321182 -78.251309 30.455353
44.321182 -70.846616 46.366765
44.321182 -60.480038 60.005112
38.086777 82.575961 -85.384223
38.086777 65.962459 -98.444648
41.989128 75.084552 -78.191902
41.989128 60.039020 -90.081489
41.989128 42.485904 -98.574035
38.086777 46.580043 -107.773521
44.321182 66.880744 -70.316909
45.079041 58.321880 -62.102981
44.321182 53.552291 -80.924507
45.079041 46.784816 -71.373435
45.079041 33.324910 -77.995193
44.321182 38.002429 -88.501373
45.079041 3.200354 -83.292602
44.321182 3.200353 -94.562866
45.079041 18.583105 -81.968246
44.321182 20.971626 -93.047485
41.989128 3.200353 -105.368087
41.989128 23.261058 -103.669570
38.086777 3.200351 -115.236610
38.086777 25.351684 -113.370842
37.868454 34.088161 -38.865257
32.290546 27.682300 -32.733222
37.868454 27.623271 -44.352828
32.290546 22.558173 -37.222557
32.290546 16.580023 -40.429222
37.868454 20.080901 -48.272525
41.856575 24.168863 -57.441078
41.856575 33.537771 -52.687881
41.856575 41.568263 -46.033401
32.290546 3.200356 -42.994552
37.868454 3.200355 -51.408279
32.290546 10.032526 -42.353221
37.868454 11.820208 -50.624340
41.856575 3.200355 -61.243640
41.856575 13.907678 -60.292999
44.258804 3.200354 -72.028968
44.258804 16.195216 -70.895523
44.258804 28.648626 -67.495197
44.258804 49.765277 -53.893894
44.258804 40.019130 -61.827983
32.290546 -16.157462 -37.222553
37.868454 -21.222562 -44.352828
41.856575 -27.137061 -52.687881
41.856575 -17.768153 -57.441081
37.868454 -13.680190 -48.272525
32.290546 -10.179312 -40.429222
45.079041 -40.384110 -71.373435
44.258804 -33.618424 -61.827987
45.079041 -26.924203 -77.995193
44.258804 -22.247918 -67.495197
45.079041 -12.182399 -81.968246
44.258804 -9.794509 -70.895523
41.856575 -7.506968 -60.292999
32.290546 -3.631815 -42.353221
37.868454 -5.419497 -50.624340
38.086777 -59.561761 -98.444648
38.086777 -40.179345 -107.773521
41.989128 -36.085194 -98.574035
41.989128 -53.638318 -90.081489
38.086777 -18.950982 -113.370842
41.989128 -16.860352 -103.669578
44.321182 -14.570920 -93.047485
44.321182 -31.601723 -88.501373
44.321182 -47.151589 -80.924507
38.086777 82.575961 75.072434
38.086777 95.497569 58.280453
41.989128 75.084552 67.880112
41.989128 86.786624 52.593506
41.989128 95.145252 34.759129
38.086777 104.727283 38.689816
44.321182 66.880744 60.005112
45.079041 58.321883 51.791195
44.321182 77.247318 46.366765
45.079041 67.295154 39.872036
45.079041 73.704631 25.966351
44.321182 84.652019 30.455353
45.079041 78.832210 -5.155895
44.321182 90.575778 -5.155896
45.079041 77.550319 10.736317
44.321182 89.094836 13.028573
41.989128 101.832156 -5.155897
41.989128 100.160434 15.226246
38.086777 112.111064 -5.155897
38.086777 110.265125 17.233403
37.868454 34.088161 28.553471
32.290546 27.682300 22.421435
37.868454 39.116409 21.498024
32.290546 31.667732 16.649437
32.290546 34.514470 9.915438
37.868454 42.708015 13.266667
41.856575 52.275584 17.184142
41.856575 47.814201 27.165860
41.856575 41.568263 35.721615
32.290546 36.791858 -5.155893
37.868454 45.581298 -5.155893
32.290546 36.222514 2.540105
37.868454 44.862975 4.251372
41.856575 55.844692 -5.155893
41.856575 54.952415 6.251784
44.258804 67.091758 -5.155894
44.258804 66.008857 8.445410
44.258804 62.760139 21.479992
44.258804 49.765277 43.582112
44.258804 57.345618 33.381131
32.290546 31.667732 -26.961223
37.868454 39.116409 -31.809810
41.856575 47.814201 -37.477645
41.856575 52.275584 -27.495927
37.868454 42.708015 -23.578453
32.290546 34.514472 -20.227222
45.079041 67.295146 -50.183826
44.258804 57.345611 -43.692916
45.079041 73.704623 -36.278141
44.258804 62.760139 -31.791778
45.079041 77.550311 -21.048106
44.258804 66.008849 -18.757198
41.856575 54.952415 -16.563570
32.290546 36.222514 -12.851891
37.868454 44.862975 -14.563158
38.086777 95.497569 -68.592247
38.086777 104.727283 -49.001609
41.989128 95.145252 -45.070922
41.989128 86.786624 -62.905300
38.086777 110.265117 -27.545198
41.989128 100.160426 -25.538038
44.321182 89.094836 -23.340364
44.321182 84.652011 -40.767147
44.321182 77.247318 -56.678558
38.086777 -59.561757 88.132851
41.989128 -53.638318 79.769692
41.989128 -36.085194 88.262253
38.086777 -40.179341 97.461731
44.321182 -47.151585 70.612717
45.079041 -40.384106 61.061646
45.079041 -26.924203 67.683411
44.321182 -31.601720 78.189583
45.079041 3.200353 72.980813
44.321182 3.200353 84.251069
45.079041 -12.182399 71.656457
44.321182 -14.570920 82.735695
41.989128 3.200353 95.056298
41.989128 -16.860352 93.357789
38.086777 3.200352 104.924836
38.086777 -18.950980 103.059052
37.868454 -21.222562 34.041043
32.290546 -16.157462 26.910767
32.290546 -10.179312 30.117432
37.868454 -13.680190 37.960736
41.856575 -17.768153 47.129296
41.856575 -27.137059 42.376095
32.290546 3.200355 32.682766
37.868454 3.200355 41.096489
32.290546 -3.631815 32.041432
37.868454 -5.419497 40.312554
41.856575 3.200354 50.931855
41.856575 -7.506968 49.981217
44.258804 3.200354 61.717179
44.258804 -9.794509 60.583741
44.258804 -22.247918 57.183415
44.258804 -33.618420 51.516205
32.290546 22.558172 26.910767
37.868454 27.623269 34.041043
41.856575 33.537769 42.376095
41.856575 24.168861 47.129296
37.868454 20.080899 37.960740
32.290546 16.580023 30.117432
45.079041 46.784816 61.061646
44.258804 40.019130 51.516205
45.079041 33.324910 67.683411
44.258804 28.648626 57.183415
45.079041 18.583105 71.656464
44.258804 16.195216 60.583741
41.856575 13.907677 49.981213
32.290546 10.032526 32.041432
37.868454 11.820207 40.312554
38.086777 65.962463 88.132859
38.086777 46.580047 97.461731
41.989128 42.485904 88.262253
41.989128 60.039020 79.769700
38.086777 25.351684 103.059052
41.989128 23.261058 93.357789
44.321182 20.971626 82.735703
44.321182 38.002429 78.189583
44.321182 53.552295 70.612717
25.118950 -16.307296 -27.981048
25.118948 -19.482959 -23.203691
16.755985 -12.762870 -24.605113
16.755985 -15.361535 -20.534347
16.755983 -17.217723 -15.785119
25.118950 -21.751288 -17.630105
7.603971 -10.646621 -22.601791
-1.934768 -9.956847 -21.967456
7.603971 -12.900779 -18.950325
-1.934768 -12.098717 -18.448758
-1.934768 -13.628625 -14.343608
7.603971 -14.510892 -14.690279
-1.934768 -14.852551 -5.155893
7.603972 -15.798983 -5.155893
-1.934768 -14.546571 -9.847492
7.603971 -15.476960 -10.024516
16.755985 -18.702676 -5.155893
16.755985 -18.331437 -10.583582
25.118950 -23.565955 -5.155893
25.118948 -23.112288 -11.525704
-35.910576 -21.428609 -33.047466
-35.910576 -25.437978 -27.209697
-28.848137 -16.429435 -28.242115
-28.848137 -19.624982 -23.410114
-35.910576 -28.301810 -20.398963
-28.848137 -21.907515 -17.772782
-20.563145 -17.329106 -15.886840
-20.563141 -15.462792 -20.681520
-20.563143 -12.849952 -24.791244
-35.910576 -30.020108 -12.939589
-35.910576 -30.592877 -5.155895
-28.848139 -23.277035 -11.598560
-28.848139 -23.733542 -5.155894
-20.563145 -18.822158 -5.155894
-20.563145 -18.448895 -10.635527
-11.457913 -15.861052 -5.155893
-11.457912 -15.537978 -10.051500
-11.457912 -14.568753 -14.743123
-11.457912 -12.953379 -19.026779
-11.457912 -10.691857 -22.698482
-35.910576 -21.428609 22.735676
-28.848137 -16.429435 17.930325
-35.910576 -25.437978 16.897906
-28.848137 -19.624982 13.098326
-20.563143 -12.849952 14.479456
-20.563143 -15.462792 10.369732
-20.563145 -17.329106 5.575054
-28.848141 -21.907515 7.460992
-35.910580 -28.301808 10.087173
-11.457912 -10.691857 12.386696
-1.934768 -9.956849 11.655671
-11.457912 -12.953379 8.714991
-1.934768 -12.098717 8.136971
-1.934768 -13.628625 4.031822
-11.457914 -14.568753 4.431336
-1.934768 -14.546571 -0.464294
-11.457914 -15.537978 -0.260287
-20.563145 -18.448895 0.323739
-28.848141 -23.277035 1.286771
-35.910580 -30.020108 2.627800
25.118950 -16.307294 17.669262
25.118950 -19.482957 12.891903
25.118950 -21.751290 7.318320
16.755985 -17.217723 5.473332
16.755985 -15.361535 10.222560
16.755985 -12.762871 14.293328
25.118950 -23.112288 1.213918
16.755985 -18.331437 0.271797
7.603972 -15.476960 -0.287270
7.603971 -14.510892 4.378494
7.603971 -12.900779 8.638539
7.603971 -10.646621 12.290005
25.118948 18.625011 -31.696771
25.118950 22.708007 -27.981048
16.755985 19.163583 -24.605112
16.755985 15.822443 -27.771266
16.755983 11.924445 -30.032802
25.118950 13.861514 -34.350860
-1.934768 16.357563 -21.967456
-1.934768 13.603729 -24.704223
7.603971 17.047335 -22.601791
7.603971 14.149130 -25.441822
-1.934768 10.390924 -26.659057
7.603971 10.767891 -27.470417
-1.934768 6.872136 -27.831956
-1.934768 3.200358 -28.222923
7.603971 7.064630 -28.687570
7.603972 3.200357 -29.093288
16.755985 3.200357 -31.842033
16.755985 7.655211 -31.389726
25.118950 3.200356 -36.474130
25.118948 8.644352 -35.943311
-28.848137 22.830150 -28.242115
-35.910576 27.829322 -33.047468
-28.848137 18.721589 -32.000335
-35.910576 22.674426 -37.587955
-35.910576 16.660375 -40.831161
-28.848137 13.928268 -34.684780
-20.563145 11.972039 -30.270877
-20.563141 15.891301 -27.987695
-20.563143 19.250667 -24.791244
-35.910576 10.073558 -42.777084
-35.910576 3.200358 -43.425724
-28.848139 8.678439 -36.295446
-28.848139 3.200358 -36.832336
-20.563145 3.200358 -32.097419
-20.563145 7.679514 -31.640785
-11.457913 3.200358 -29.225959
-11.457912 7.077255 -28.817991
-11.457912 10.792615 -27.594089
-11.457912 17.092571 -22.698482
-11.457912 14.184900 -25.554252
-35.910576 -16.273709 -37.587955
-28.848137 -12.320872 -32.000335
-20.563143 -9.490584 -27.987695
-20.563145 -5.571322 -30.270875
-28.848141 -7.527550 -34.684780
-35.910580 -10.259658 -40.831161
-1.934768 -7.203014 -24.704223
-11.457912 -7.784184 -25.554252
-1.934768 -3.990208 -26.659057
-11.457914 -4.391899 -27.594089
-1.934768 -0.471421 -27.831956
-11.457914 -0.676539 -28.817991
-20.563145 -1.278798 -31.640785
-28.848141 -2.277723 -36.295446
-35.910580 -3.672842 -42.777084
25.118950 -12.224298 -31.696771
25.118950 -7.460802 -34.350860
16.755985 -5.523732 -30.032802
16.755985 -9.421729 -27.771266
25.118950 -2.243639 -35.943311
16.755985 -1.254497 -31.389726
7.603972 -0.663915 -28.687570
7.603971 -4.367177 -27.470415
7.603971 -7.748416 -25.441822
25.118950 22.708007 17.669262
25.118948 25.883670 12.891903
16.755985 19.163583 14.293328
16.755985 21.762248 10.222560
16.755983 23.618438 5.473333
25.118950 28.152004 7.318319
7.603971 17.047335 12.290005
-1.934768 16.357563 11.655671
7.603971 19.301494 8.638539
-1.934768 18.499434 8.136971
-1.934768 20.029342 4.031822
7.603971 20.911607 4.378494
-1.934768 21.253267 -5.155893
7.603972 22.199697 -5.155893
-1.934768 20.947286 -0.464294
7.603971 21.877675 -0.287270
16.755985 25.103389 -5.155892
16.755985 24.732150 0.271797
25.118950 29.966668 -5.155892
25.118948 29.513002 1.213918
-35.910576 27.829322 22.735678
-35.910576 31.838691 16.897908
-28.848137 22.830150 17.930325
-28.848137 26.025697 13.098326
-35.910576 34.702522 10.087174
-28.848137 28.308231 7.460993
-20.563145 23.729823 5.575054
-20.563141 21.863509 10.369732
-20.563143 19.250667 14.479456
-35.910576 36.420821 2.627800
-35.910576 36.993587 -5.155895
-28.848139 29.677751 1.286771
-28.848139 30.134258 -5.155894
-20.563145 25.222875 -5.155894
-20.563145 24.849612 0.323739
-11.457913 22.261768 -5.155893
-11.457912 21.938693 -0.260287
-11.457912 20.969470 4.431335
-11.457912 19.354097 8.714991
-11.457912 17.092572 12.386696
-35.910576 31.838691 -27.209697
-28.848137 26.025697 -23.410116
-20.563143 21.863508 -20.681520
-20.563145 23.729821 -15.886840
-28.848141 28.308231 -17.772782
-35.910580 34.702522 -20.398963
-11.457912 19.354095 -19.026777
-1.934768 18.499433 -18.448757
-1.934768 20.029342 -14.343607
-11.457914 20.969470 -14.743122
-1.934768 20.947286 -9.847492
-11.457914 21.938693 -10.051500
-20.563145 24.849611 -10.635527
-28.848141 29.677751 -11.598560
-35.910580 36.420821 -12.939589
25.118950 25.883672 -23.203689
25.118950 28.152002 -17.630105
16.755985 23.618438 -15.785117
16.755985 21.762248 -20.534345
25.118950 29.513002 -11.525703
16.755985 24.732152 -10.583581
7.603972 21.877675 -10.024515
7.603971 20.911607 -14.690279
7.603971 19.301494 -18.950324
25.118948 -12.224298 21.384984
16.755985 -9.421730 17.459481
16.755983 -5.523732 19.721016
25.118950 -7.460801 24.039073
-1.934768 -7.203014 14.392437
7.603971 -7.748416 15.130036
-1.934768 -3.990207 16.347270
7.603971 -4.367177 17.158627
-1.934768 -0.471421 17.520169
-1.934768 3.200358 17.911137
7.603971 -0.663915 18.375783
7.603972 3.200357 18.781502
16.755985 3.200357 21.530247
16.755985 -1.254497 21.077939
25.118950 3.200356 26.162343
25.118948 -2.243639 25.631524
-28.848137 -12.320873 21.688546
-35.910576 -16.273709 27.276162
-35.910576 -10.259658 30.519372
-28.848137 -7.527551 24.372990
-20.563145 -5.571322 19.959086
-20.563141 -9.490584 17.675908
-35.910576 -3.672842 32.465294
-35.910576 3.200358 33.113938
-28.848139 -2.277723 25.983658
-28.848139 3.200358 26.520546
-20.563145 3.200358 21.785634
-20.563145 -1.278798 21.328995
-11.457913 3.200358 18.914172
-11.457912 -0.676539 18.506203
-11.457912 -4.391899 17.282301
-11.457912 -7.784184 15.242466
-35.910576 22.674426 27.276166
-28.848137 18.721589 21.688546
-20.563143 15.891301 17.675910
-20.563145 11.972039 19.959090
-28.848141 13.928268 24.372990
-35.910580 16.660375 30.519372
-1.934768 13.603729 14.392437
-11.457912 14.184900 15.242466
-1.934768 10.390924 16.347270
-11.457914 10.792615 17.282303
-1.934768 6.872136 17.520169
-11.457914 7.077255 18.506203
-20.563145 7.679514 21.328997
-28.848141 8.678439 25.983658
-35.910580 10.073557 32.465294
25.118950 18.625011 21.384984
25.118950 13.861514 24.039071
16.755985 11.924445 19.721016
16.755985 15.822443 17.459481
25.118950 8.644351 25.631524
16.755985 7.655211 21.077939
7.603972 7.064630 18.375783
7.603971 10.767891 17.158627
7.603971 14.149130 15.130036
-40.506050 -76.243108 75.217461
-40.506050 -89.175763 58.395131
-44.572144 -68.774319 68.073487
-44.572144 -80.491116 52.746407
-44.572144 -88.860272 34.864815
-40.506050 -98.413373 38.769078
-47.083534 -60.593133 60.246842
-48.028519 -52.054623 52.076432
-47.083534 -70.978116 46.557896
-48.028519 -61.049618 40.097569
-48.028519 -67.474622 26.122235
-47.083534 -78.395962 30.587456
-48.028519 -72.614621 -5.155897
-47.083534 -84.330251 -5.155898
-48.028519 -71.329617 10.815914
-47.083534 -82.846677 13.096028
-44.572144 -95.555592 -5.155898
-44.572144 -93.881764 15.280209
-40.506050 -105.803464 -5.155899
-40.506050 -103.955945 17.273877
-41.348141 -27.845782 28.891884
-41.348141 -32.899804 21.765605
-41.348141 -36.509820 13.451611
-45.172524 -46.077389 17.369084
-45.172520 -41.597600 27.433442
-45.172520 -35.325883 36.060029
-41.348137 -39.397832 -5.155896
-41.348141 -38.675828 4.345810
-45.172524 -49.661229 -5.155896
-45.172520 -48.765267 6.346222
-47.395416 -60.895886 -5.155897
-47.395416 -59.809510 8.534451
-47.395416 -56.550374 21.654370
-47.395416 -43.513852 43.901185
-47.395416 -51.118489 33.633423
-41.348141 -32.899804 -32.077400
-41.348141 -27.845780 -39.203678
-45.172524 -35.325879 -46.371826
-45.172520 -41.597600 -37.745235
-45.172520 -46.077389 -27.680879
-41.348137 -36.509820 -23.763404
-48.028519 -52.054623 -62.388221
-48.028523 -61.049618 -50.409366
-47.395416 -43.513852 -54.212982
-47.395416 -51.118489 -43.945220
-48.028526 -67.474622 -36.434028
-47.395416 -56.550374 -31.966163
-48.028523 -71.329617 -21.127710
-47.395416 -59.809506 -18.846245
-45.172520 -48.765267 -16.658015
-41.348137 -38.675828 -14.657602
-40.506050 -76.243100 -85.529258
-40.506050 -89.175763 -68.706928
-40.506050 -98.413373 -49.080875
-44.572144 -88.860272 -45.176612
-44.572144 -80.491116 -63.058204
-44.572144 -68.774312 -78.385284
-40.506050 -103.955945 -27.585674
-44.572144 -93.881757 -25.592006
-47.083534 -82.846677 -23.407825
-47.083534 -78.395962 -40.899253
-47.083534 -70.978116 -56.869689
-47.083534 -60.593133 -70.558639
-40.506050 82.643817 75.217461
-40.506050 66.016113 88.301499
-44.572144 75.175021 68.073487
-44.572144 60.110557 79.994553
-44.572144 42.535346 88.509598
-40.506050 46.617130 97.647240
-47.083534 66.993839 60.246842
-48.028519 58.455329 52.076432
-47.083534 53.641711 70.893799
-48.028519 46.890334 61.393326
-48.028519 33.397842 68.048249
-47.083534 38.064235 78.498765
-48.028519 3.200354 73.372178
-47.083534 3.200353 84.582749
-48.028519 18.620347 72.041199
-47.083534 21.003186 83.061753
-44.572144 3.200352 95.321633
-44.572144 23.286306 93.618630
-40.506050 3.200351 105.123826
-40.506050 25.370620 103.254685
-41.348141 34.246494 28.891884
-41.348141 27.748466 34.434548
-41.348141 20.167432 38.393593
-45.172524 24.255393 47.562150
-45.172520 33.662963 42.769600
-45.172520 41.726592 36.060029
-41.348137 3.200357 41.560830
-41.348141 11.864395 40.769021
-45.172524 3.200357 51.396191
-45.172520 13.951864 50.437684
-47.395416 3.200356 62.154984
-47.395416 16.236879 61.014123
-47.395416 28.730212 57.591538
-47.395416 49.914562 43.901185
-47.395416 40.137168 51.887223
-41.348141 -21.347750 34.434548
-45.172520 -27.262252 42.769600
-45.172520 -17.854680 47.562150
-41.348137 -13.766717 38.393593
-48.028523 -40.489629 61.393326
-47.395416 -33.736459 51.887223
-48.028526 -26.997132 68.048241
-47.395416 -22.329503 57.591534
-48.028523 -12.219639 72.041199
-47.395416 -9.836167 61.014123
-45.172520 -7.551152 50.437676
-41.348137 -5.463681 40.769021
-40.506050 -59.615411 88.301499
-40.506050 -40.216428 97.647240
-44.572144 -36.134644 88.509598
-44.572144 -53.709855 79.994553
-40.506050 -18.969918 103.254685
-44.572144 -16.885602 93.618630
-47.083534 -14.602481 83.061753
-47.083534 -31.663529 78.498765
-47.083534 -47.241006 70.893799
-40.506050 82.643810 -85.529258
-40.506050 95.576465 -68.706928
-44.572144 75.175021 -78.385284
-44.572144 86.891818 -63.058204
-44.572144 95.260974 -45.176612
-40.506050 104.814082 -49.080875
-47.083534 66.993835 -70.558631
-48.028519 58.455325 -62.388221
-47.083534 77.378818 -56.869686
-48.028519 67.450320 -50.409362
-48.028519 73.875324 -36.434028
-47.083534 84.796664 -40.899253
-48.028519 79.015323 -5.155897
-47.083534 90.730953 -5.155898
-48.028519 77.730319 -21.127708
-47.083534 89.247379 -23.407823
-44.572144 101.956294 -5.155898
-44.572144 100.282466 -25.592006
-40.506050 112.204181 -5.155898
-40.506050 110.356654 -27.585674
-41.348141 34.246494 -39.203678
-41.348141 39.300514 -32.077396
-41.348141 42.910529 -23.763404
-45.172524 52.478099 -27.680879
-45.172520 47.998306 -37.745231
-45.172520 41.726592 -46.371822
-41.348137 45.798541 -5.155895
-41.348141 45.076537 -14.657602
-45.172524 56.061935 -5.155896
-45.172520 55.165977 -16.658014
-47.395416 67.296588 -5.155896
-47.395416 66.210212 -18.846244
-47.395416 62.951080 -31.966161
-47.395416 49.914558 -54.212974
-47.395416 57.519199 -43.945217
-41.348141 39.300514 21.765606
-45.172520 47.998306 27.433442
-45.172520 52.478099 17.369088
-41.348137 42.910529 13.451613
-48.028523 67.450328 40.097569
-47.395416 57.519199 33.633423
-48.028526 73.875324 26.122235
-47.395416 62.951080 21.654370
-48.028523 77.730319 10.815914
-47.395416 66.210212 8.534451
-45.172520 55.165977 6.346222
-41.348137 45.076537 4.345811
-40.506050 95.576473 58.395131
-40.506050 104.814082 38.769078
-44.572144 95.260982 34.864815
-44.572144 86.891826 52.746407
-40.506050 110.356647 17.273877
-44.572144 100.282459 15.280209
-47.083534 89.247379 13.096028
-47.083534 84.796672 30.587456
-47.083534 77.378825 46.557892
-40.506050 -59.615403 -98.613296
-44.572144 -53.709847 -90.306350
-44.572144 -36.134640 -98.821395
-40.506050 -40.216420 -107.959037
-47.083534 -47.241006 -81.205589
-48.028519 -40.489629 -71.705116
-48.028519 -26.997132 -78.360031
-47.083534 -31.663529 -88.810562
-48.028519 3.200355 -83.683975
-47.083534 3.200354 -94.894538
-48.028519 -12.219639 -82.352989
-47.083534 -14.602479 -93.373542
-44.572144 3.200353 -105.633430
-44.572144 -16.885602 -103.930427
-40.506050 3.200353 -115.435623
-40.506050 -18.969914 -113.566482
-41.348141 -21.347750 -44.746337
-41.348141 -13.766717 -48.705383
-45.172524 -17.854680 -57.873939
-45.172520 -27.262250 -53.081394
-41.348137 3.200358 -51.872619
-41.348141 -5.463681 -51.080810
-45.172524 3.200357 -61.707977
-45.172520 -7.551152 -60.749469
-47.395416 3.200356 -72.466781
-47.395416 -9.836167 -71.325912
-47.395416 -22.329499 -67.903327
-47.395416 -33.736459 -62.199016
-41.348141 27.748466 -44.746337
-45.172520 33.662963 -53.081390
-45.172520 24.255393 -57.873939
-41.348137 20.167432 -48.705383
-48.028523 46.890334 -71.705116
-47.395416 40.137168 -62.199012
-48.028526 33.397842 -78.360031
-47.395416 28.730212 -67.903327
-48.028523 18.620349 -82.352989
-47.395416 16.236879 -71.325912
-45.172520 13.951865 -60.749469
-41.348137 11.864396 -51.080810
-40.506050 66.016113 -98.613296
-40.506050 46.617130 -107.959037
-44.572144 42.535346 -98.821395
-44.572144 60.110557 -90.306350
-40.506050 25.370620 -113.566482
-44.572144 23.286308 -103.930427
-47.083534 21.003186 -93.373542
-47.083534 38.064235 -88.810562
-47.083534 53.641715 -81.205589
2048
0 1 2
2 1 3
4 5 3
3 5 2
5 6 2
2 6 7
8 0 7
7 0 2
9 10 11
11 10 12
10 13 12
12 13 14
6 5 14
14 5 12
5 4 12
12 4 11
15 16 17
17 16 18
19 20 18
18 20 17
20 6 17
17 6 14
13 15 14
14 15 17
21 22 23
23 22 24
22 8 24
24 8 7
6 20 7
7 20 24
20 19 24
24 19 23
25 26 27
27 26 28
29 30 28
28 30 27
30 31 27
27 31 32
33 25 32
32 25 27
34 35 36
36 35 37
35 38 37
37 38 39
31 30 39
39 30 37
30 29 37
37 29 36
40 16 41
41 16 15
13 42 15
15 42 41
42 31 41
41 31 39
38 40 39
39 40 41
9 43 10
10 43 44
43 33 44
44 33 32
31 42 32
32 42 44
42 13 44
44 13 10
45 46 47
47 46 48
49 50 48
48 50 47
50 51 47
47 51 52
53 45 52
52 45 47
54 55 56
56 55 57
55 58 57
57 58 59
51 50 59
59 50 57
50 49 57
57 49 56
60 16 61
61 16 40
38 62 40
40 62 61
62 51 61
61 51 59
58 60 59
59 60 61
34 63 35
35 63 64
63 53 64
64 53 52
51 62 52
52 62 64
62 38 64
64 38 35
65 66 67
67 66 68
69 70 68
68 70 67
70 71 67
67 71 72
73 65 72
72 65 67
21 23 74
74 23 75
23 19 75
75 19 76
71 70 76
76 70 75
70 69 75
75 69 74
18 16 77
77 16 60
58 78 60
60 78 77
78 71 77
77 71 76
19 18 76
76 18 77
54 79 55
55 79 80
79 73 80
80 73 72
71 78 72
72 78 80
78 58 80
80 58 55
28 26 81
81 26 82
83 84 82
82 84 81
84 85 81
81 85 86
29 28 86
86 28 81
87 88 89
89 88 90
88 91 90
90 91 92
85 84 92
92 84 90
84 83 90
90 83 89
93 94 95
95 94 96
97 98 96
96 98 95
98 85 95
95 85 92
91 93 92
92 93 95
34 36 99
99 36 100
36 29 100
100 29 86
85 98 86
86 98 100
98 97 100
100 97 99
101 102 103
103 102 104
105 106 104
104 106 103
106 107 103
103 107 108
109 101 108
108 101 103
110 111 112
112 111 113
111 114 113
113 114 115
107 106 115
115 106 113
106 105 113
113 105 112
116 94 117
117 94 93
91 118 93
93 118 117
118 107 117
117 107 115
114 116 115
115 116 117
87 119 88
88 119 120
119 109 120
120 109 108
107 118 108
108 118 120
118 91 120
120 91 88
121 122 123
123 122 124
125 126 124
124 126 123
126 127 123
123 127 128
129 121 128
128 121 123
130 131 132
132 131 133
131 134 133
133 134 135
127 126 135
135 126 133
126 125 133
133 125 132
136 94 137
137 94 116
114 138 116
116 138 137
138 127 137
137 127 135
134 136 135
135 136 137
111 110 139
139 110 140
140 129 139
139 129 128
127 138 128
128 138 139
138 114 139
139 114 111
141 46 142
142 46 45
53 143 45
45 143 142
143 144 142
142 144 145
146 141 145
145 141 142
63 34 147
147 34 99
99 97 147
147 97 148
144 143 148
148 143 147
143 53 147
147 53 63
96 94 149
149 94 136
134 150 136
136 150 149
150 144 149
149 144 148
97 96 148
148 96 149
130 151 131
131 151 152
151 146 152
152 146 145
144 150 145
145 150 152
150 134 152
152 134 131
104 102 153
153 102 154
155 156 154
154 156 153
156 157 153
153 157 158
105 104 158
158 104 153
159 160 161
161 160 162
160 163 162
162 163 164
157 156 164
164 156 162
156 155 162
162 155 161
165 166 167
167 166 168
169 170 168
168 170 167
170 157 167
167 157 164
163 165 164
164 165 167
110 112 171
171 112 172
112 105 172
172 105 158
157 170 158
158 170 172
170 169 172
172 169 171
173 174 175
175 174 176
177 178 176
176 178 175
178 179 175
175 179 180
181 173 180
180 173 175
182 183 184
184 183 185
183 186 185
185 186 187
179 178 187
187 178 185
178 177 185
185 177 184
188 166 189
189 166 165
163 190 165
165 190 189
190 179 189
189 179 187
186 188 187
187 188 189
159 191 160
160 191 192
191 181 192
192 181 180
179 190 180
180 190 192
190 163 192
192 163 160
193 194 195
195 194 196
197 198 196
196 198 195
198 199 195
195 199 200
201 193 200
200 193 195
202 203 204
204 203 205
203 206 205
205 206 207
199 198 207
207 198 205
198 197 205
205 197 204
208 166 209
209 166 188
186 210 188
188 210 209
210 199 209
209 199 207
206 208 207
207 208 209
182 211 183
183 211 212
211 201 212
212 201 200
199 210 200
200 210 212
210 186 212
212 186 183
213 122 214
214 122 121
129 215 121
121 215 214
215 216 214
214 216 217
218 213 217
217 213 214
110 171 140
140 171 219
171 169 219
219 169 220
216 215 220
220 215 219
215 129 219
219 129 140
168 166 221
221 166 208
206 222 208
208 222 221
222 216 221
221 216 220
169 168 220
220 168 221
202 223 203
203 223 224
223 218 224
224 218 217
216 222 217
217 222 224
222 206 224
224 206 203
176 174 225
225 174 226
227 228 226
226 228 225
228 229 225
225 229 230
177 176 230
230 176 225
231 232 233
233 232 234
232 235 234
234 235 236
229 228 236
236 228 234
228 227 234
234 227 233
237 238 239
239 238 240
241 242 240
240 242 239
242 229 239
239 229 236
235 237 236
236 237 239
182 184 243
243 184 244
184 177 244
244 177 230
229 242 230
230 242 244
242 241 244
244 241 243
245 1 246
246 1 0
8 247 0
0 247 246
247 248 246
246 248 249
250 245 249
249 245 246
21 251 22
22 251 252
251 253 252
252 253 254
248 247 254
254 247 252
247 8 252
252 8 22
255 238 256
256 238 237
235 257 237
237 257 256
257 248 256
256 248 254
253 255 254
254 255 256
231 258 232
232 258 259
258 250 259
259 250 249
248 257 249
249 257 259
257 235 259
259 235 232
68 66 260
260 66 261
262 263 261
261 263 260
263 264 260
260 264 265
69 68 265
265 68 260
266 267 268
268 267 269
267 270 269
269 270 271
264 263 271
271 263 269
263 262 269
269 262 268
272 238 273
273 238 255
253 274 255
255 274 273
274 264 273
273 264 271
270 272 271
271 272 273
251 21 275
275 21 74
74 69 275
275 69 265
264 274 265
265 274 275
274 253 275
275 253 251
276 194 277
277 194 193
201 278 193
193 278 277
278 279 277
277 279 280
281 276 280
280 276 277
211 182 282
282 182 243
243 241 282
282 241 283
279 278 283
283 278 282
278 201 282
282 201 211
240 238 284
284 238 272
270 285 272
272 285 284
285 279 284
284 279 283
241 240 283
283 240 284
266 286 267
267 286 287
286 281 287
287 281 280
279 285 280
280 285 287
285 270 287
287 270 267
174 288 226
226 288 289
288 290 289
289 290 291
292 293 291
291 293 289
293 227 289
289 227 226
294 295 296
296 295 297
298 299 297
297 299 296
299 292 296
296 292 291
290 294 291
291 294 296
300 301 302
302 301 303
301 304 303
303 304 305
292 299 305
305 299 303
299 298 303
303 298 302
306 231 307
307 231 233
227 293 233
233 293 307
293 292 307
307 292 305
304 306 305
305 306 307
308 309 310
310 309 311
312 313 311
311 313 310
313 314 310
310 314 315
316 308 315
315 308 310
317 318 319
319 318 320
318 321 320
320 321 322
314 313 322
322 313 320
313 312 320
320 312 319
323 300 324
324 300 302
298 325 302
302 325 324
325 314 324
324 314 322
321 323 322
322 323 324
295 326 297
297 326 327
326 316 327
327 316 315
314 325 315
315 325 327
325 298 327
327 298 297
328 329 330
330 329 331
332 333 331
331 333 330
333 334 330
330 334 335
336 328 335
335 328 330
337 338 339
339 338 340
338 341 340
340 341 342
334 333 342
342 333 340
333 332 340
340 332 339
343 300 344
344 300 323
321 345 323
323 345 344
345 334 344
344 334 342
341 343 342
342 343 344
317 346 318
318 346 347
346 336 347
347 336 335
334 345 335
335 345 347
345 321 347
347 321 318
1 245 348
348 245 349
245 250 349
349 250 350
351 352 350
350 352 349
352 353 349
349 353 348
258 231 354
354 231 306
304 355 306
306 355 354
355 351 354
354 351 350
250 258 350
350 258 354
300 343 301
301 343 356
343 341 356
356 341 357
351 355 357
357 355 356
355 304 356
356 304 301
338 337 358
358 337 359
353 352 359
359 352 358
352 351 358
358 351 357
341 338 357
357 338 358
102 360 154
154 360 361
360 362 361
361 362 363
364 365 363
363 365 361
365 155 361
361 155 154
366 367 368
368 367 369
370 371 369
369 371 368
371 364 368
368 364 363
362 366 363
363 366 368
372 373 374
374 373 375
373 376 375
375 376 377
364 371 377
377 371 375
371 370 375
375 370 374
378 159 379
379 159 161
155 365 161
161 365 379
365 364 379
379 364 377
376 378 377
377 378 379
380 381 382
382 381 383
384 385 383
383 385 382
385 386 382
382 386 387
388 380 387
387 380 382
389 390 391
391 390 392
390 393 392
392 393 394
386 385 394
394 385 392
385 384 392
392 384 391
395 372 396
396 372 374
370 397 374
374 397 396
397 386 396
396 386 394
393 395 394
394 395 396
367 398 369
369 398 399
398 388 399
399 388 387
386 397 387
387 397 399
397 370 399
399 370 369
400 309 401
401 309 308
316 402 308
308 402 401
402 403 401
401 403 404
405 400 404
404 400 401
295 406 326
326 406 407
406 408 407
407 408 409
403 402 409
409 402 407
402 316 407
407 316 326
410 372 411
411 372 395
393 412 395
395 412 411
412 403 411
411 403 409
408 410 409
409 410 411
389 413 390
390 413 414
413 405 414
414 405 404
403 412 404
404 412 414
412 393 414
414 393 390
174 173 288
288 173 415
173 181 415
415 181 416
417 418 416
416 418 415
418 290 415
415 290 288
191 159 419
419 159 378
376 420 378
378 420 419
420 417 419
419 417 416
181 191 416
416 191 419
372 410 373
373 410 421
410 408 421
421 408 422
417 420 422
422 420 421
420 376 421
421 376 373
406 295 423
423 295 294
290 418 294
294 418 423
418 417 423
423 417 422
408 406 422
422 406 423
26 424 82
82 424 425
424 426 425
425 426 427
428 429 427
427 429 425
429 83 425
425 83 82
430 431 432
432 431 433
434 435 433
433 435 432
435 428 432
432 428 427
426 430 427
427 430 432
436 437 438
438 437 439
437 440 439
439 440 441
428 435 441
441 435 439
435 434 439
439 434 438
442 87 443
443 87 89
83 429 89
89 429 443
429 428 443
443 428 441
440 442 441
441 442 443
444 445 446
446 445 447
448 449 447
447 449 446
449 450 446
446 450 451
452 444 451
451 444 446
453 454 455
455 454 456
454 457 456
456 457 458
450 449 458
458 449 456
449 448 456
456 448 455
459 436 460
460 436 438
434 461 438
438 461 460
461 450 460
460 450 458
457 459 458
458 459 460
431 462 433
433 462 463
462 452 463
463 452 451
450 461 451
451 461 463
461 434 463
463 434 433
464 381 465
465 381 380
388 466 380
380 466 465
466 467 465
465 467 468
469 464 468
468 464 465
367 470 398
398 470 471
470 472 471
471 472 473
467 466 473
473 466 471
466 388 471
471 388 398
474 436 475
475 436 459
457 476 459
459 476 475
476 467 475
475 467 473
472 474 473
473 474 475
453 477 454
454 477 478
477 469 478
478 469 468
467 476 468
468 476 478
476 457 478
478 457 454
102 101 360
360 101 479
101 109 479
479 109 480
481 482 480
480 482 479
482 362 479
479 362 360
119 87 483
483 87 442
440 484 442
442 484 483
484 481 483
483 481 480
109 119 480
480 119 483
436 474 437
437 474 485
474 472 485
485 472 486
481 484 486
486 484 485
484 440 485
485 440 437
470 367 487
487 367 366
362 482 366
366 482 487
482 481 487
487 481 486
472 470 486
486 470 487
1 348 3
3 348 488
348 353 488
488 353 489
490 491 489
489 491 488
491 4 488
488 4 3
359 337 492
492 337 493
494 495 493
493 495 492
495 490 492
492 490 489
353 359 489
489 359 492
496 497 498
498 497 499
497 500 499
499 500 501
490 495 501
501 495 499
495 494 499
499 494 498
502 9 503
503 9 11
4 491 11
11 491 503
491 490 503
503 490 501
500 502 501
501 502 503
331 329 504
504 329 505
506 507 505
505 507 504
507 508 504
504 508 509
332 331 509
509 331 504
510 511 512
512 511 513
511 514 513
513 514 515
508 507 515
515 507 513
507 506 513
513 506 512
516 496 517
517 496 498
494 518 498
498 518 517
518 508 517
517 508 515
514 516 515
515 516 517
337 339 493
493 339 519
339 332 519
519 332 509
508 518 509
509 518 519
518 494 519
519 494 493
520 445 521
521 445 444
452 522 444
444 522 521
522 523 521
521 523 524
525 520 524
524 520 521
431 526 462
462 526 527
526 528 527
527 528 529
523 522 529
529 522 527
522 452 527
527 452 462
530 496 531
531 496 516
514 532 516
516 532 531
532 523 531
531 523 529
528 530 529
529 530 531
510 533 511
511 533 534
533 525 534
534 525 524
523 532 524
524 532 534
532 514 534
534 514 511
26 25 424
424 25 535
25 33 535
535 33 536
537 538 536
536 538 535
538 426 535
535 426 424
43 9 539
539 9 502
500 540 502
502 540 539
540 537 539
539 537 536
33 43 536
536 43 539
496 530 497
497 530 541
530 528 541
541 528 542
537 540 542
542 540 541
540 500 541
541 500 497
526 431 543
543 431 430
426 538 430
430 538 543
538 537 543
543 537 542
528 526 542
542 526 543
309 544 311
311 544 545
544 546 545
545 546 547
548 549 547
547 549 545
549 312 545
545 312 311
550 551 552
552 551 553
554 555 553
553 555 552
555 548 552
552 548 547
546 550 547
547 550 552
556 557 558
558 557 559
557 560 559
559 560 561
548 555 561
561 555 559
555 554 559
559 554 558
562 317 563
563 317 319
312 549 319
319 549 563
549 548 563
563 548 561
560 562 561
561 562 563
564 565 566
566 565 567
565 568 567
567 568 569
570 571 569
569 571 567
571 572 567
567 572 566
573 574 575
575 574 576
577 578 576
576 578 575
578 570 575
575 570 569
568 573 569
569 573 575
556 558 579
579 558 580
558 554 580
580 554 581
570 578 581
581 578 580
578 577 580
580 577 579
553 551 582
582 551 583
572 571 583
583 571 582
571 570 582
582 570 581
554 553 581
581 553 582
584 585 586
586 585 587
585 588 587
587 588 589
590 591 589
589 591 587
591 592 587
587 592 586
593 594 595
595 594 596
597 598 596
596 598 595
598 590 595
595 590 589
588 593 589
589 593 595
556 579 599
599 579 600
579 577 600
600 577 601
590 598 601
601 598 600
598 597 600
600 597 599
576 574 602
602 574 603
592 591 603
603 591 602
591 590 602
602 590 601
577 576 601
601 576 602
329 328 604
604 328 605
328 336 605
605 336 606
607 608 606
606 608 605
608 609 605
605 609 604
346 317 610
610 317 562
560 611 562
562 611 610
611 607 610
610 607 606
336 346 606
606 346 610
556 599 557
557 599 612
599 597 612
612 597 613
607 611 613
613 611 612
611 560 612
612 560 557
596 594 614
614 594 615
609 608 615
615 608 614
608 607 614
614 607 613
597 596 613
613 596 614
383 381 616
616 381 617
618 619 617
617 619 616
620 621 619
619 621 616
621 384 616
616 384 383
622 623 624
624 623 625
623 626 625
625 626 627
620 619 627
627 619 625
619 618 625
625 618 624
628 629 630
630 629 631
631 632 630
630 632 633
620 627 633
633 627 630
627 626 630
630 626 628
634 389 635
635 389 391
384 621 391
391 621 635
621 620 635
635 620 633
632 634 633
633 634 635
636 637 638
638 637 639
639 640 638
638 640 641
641 642 638
638 642 643
644 636 643
643 636 638
645 646 647
647 646 648
649 650 648
648 650 647
650 642 647
647 642 641
640 645 641
641 645 647
651 629 652
652 629 628
626 653 628
628 653 652
653 642 652
652 642 650
650 649 652
652 649 651
622 654 623
623 654 655
654 644 655
655 644 643
642 653 643
643 653 655
653 626 655
655 626 623
656 564 657
657 564 566
572 658 566
566 658 657
658 659 657
657 659 660
660 661 657
657 661 656
551 662 583
583 662 663
662 664 663
663 664 665
659 658 665
665 658 663
658 572 663
663 572 583
666 629 667
667 629 651
651 649 667
667 649 668
668 659 667
667 659 665
664 666 665
665 666 667
648 646 669
669 646 670
661 660 670
670 660 669
660 659 669
669 659 668
649 648 668
668 648 669
544 309 671
671 309 400
400 405 671
671 405 672
673 674 672
672 674 671
546 544 674
674 544 671
413 389 675
675 389 634
632 676 634
634 676 675
676 673 675
675 673 672
405 413 672
672 413 675
631 629 677
677 629 666
666 664 677
677 664 678
673 676 678
678 676 677
676 632 677
677 632 631
551 550 662
662 550 679
550 546 679
679 546 674
673 678 674
674 678 679
678 664 679
679 664 662
445 680 447
447 680 681
680 682 681
681 682 683
684 685 683
683 685 681
685 448 681
681 448 447
686 687 688
688 687 689
690 691 689
689 691 688
691 684 688
688 684 683
682 686 683
683 686 688
692 693 694
694 693 695
693 696 695
695 696 697
684 691 697
697 691 695
691 690 695
695 690 694
698 453 699
699 453 455
448 685 455
455 685 699
685 684 699
699 684 697
696 698 697
697 698 699
700 701 702
702 701 703
701 704 703
703 704 705
706 707 705
705 707 703
707 708 703
703 708 702
709 710 711
711 710 712
713 714 712
712 714 711
714 706 711
711 706 705
704 709 705
705 709 711
692 694 715
715 694 716
694 690 716
716 690 717
706 714 717
717 714 716
714 713 716
716 713 715
689 687 718
718 687 719
708 707 719
719 707 718
707 706 718
718 706 717
690 689 717
717 689 718
637 636 720
720 636 721
636 644 721
721 644 722
723 724 722
722 724 721
724 725 721
721 725 720
654 622 726
726 622 727
728 729 727
727 729 726
729 723 726
726 723 722
644 654 722
722 654 726
692 715 730
730 715 731
715 713 731
731 713 732
723 729 732
732 729 731
729 728 731
731 728 730
712 710 733
733 710 734
725 724 734
734 724 733
724 723 733
733 723 732
713 712 732
732 712 733
381 464 617
617 464 735
464 469 735
735 469 736
737 738 736
736 738 735
738 618 735
735 618 617
477 453 739
739 453 698
696 740 698
698 740 739
740 737 739
739 737 736
469 477 736
736 477 739
692 730 693
693 730 741
730 728 741
741 728 742
737 740 742
742 740 741
740 696 741
741 696 693
727 622 743
743 622 624
618 738 624
624 738 743
738 737 743
743 737 742
728 727 742
742 727 743
505 329 744
744 329 604
609 745 604
604 745 744
746 747 745
745 747 744
747 506 744
744 506 505
594 748 615
615 748 749
748 750 749
749 750 751
746 745 751
751 745 749
745 609 749
749 609 615
752 753 754
754 753 755
755 756 754
754 756 757
746 751 757
757 751 754
751 750 754
754 750 752
758 510 759
759 510 512
506 747 512
512 747 759
747 746 759
759 746 757
756 758 757
757 758 759
585 584 760
760 584 761
761 762 760
760 762 763
763 764 760
760 764 765
588 585 765
765 585 760
766 767 768
768 767 769
770 771 769
769 771 768
771 764 768
768 764 763
762 766 763
763 766 768
772 753 773
773 753 752
750 774 752
752 774 773
774 764 773
773 764 771
771 770 773
773 770 772
594 593 748
748 593 775
593 588 775
775 588 765
764 774 765
765 774 775
774 750 775
775 750 748
776 700 777
777 700 702
708 778 702
702 778 777
778 779 777
777 779 780
780 781 777
777 781 776
687 782 719
719 782 783
782 784 783
783 784 785
779 778 785
785 778 783
778 708 783
783 708 719
786 753 787
787 753 772
772 770 787
787 770 788
788 779 787
787 779 785
784 786 785
785 786 787
769 767 789
789 767 790
781 780 790
790 780 789
780 779 789
789 779 788
770 769 788
788 769 789
680 445 791
791 445 520
520 525 791
791 525 792
793 794 792
792 794 791
682 680 794
794 680 791
533 510 795
795 510 758
756 796 758
758 796 795
796 793 795
795 793 792
525 533 792
792 533 795
755 753 797
797 753 786
786 784 797
797 784 798
793 796 798
798 796 797
796 756 797
797 756 755
687 686 782
782 686 799
686 682 799
799 682 794
793 798 794
794 798 799
798 784 799
799 784 782
66 800 261
261 800 801
800 802 801
801 802 803
804 805 803
803 805 801
805 262 801
801 262 261
806 807 808
808 807 809
810 811 809
809 811 808
811 804 808
808 804 803
802 806 803
803 806 808
812 813 814
814 813 815
813 816 815
815 816 817
804 811 817
817 811 815
811 810 815
815 810 814
818 266 819
819 266 268
262 805 268
268 805 819
805 804 819
819 804 817
816 818 817
817 818 819
820 584 821
821 584 586
592 822 586
586 822 821
822 823 821
821 823 824
825 820 824
824 820 821
574 826 603
603 826 827
826 828 827
827 828 829
823 822 829
829 822 827
822 592 827
827 592 603
830 812 831
831 812 814
810 832 814
814 832 831
832 823 831
831 823 829
828 830 829
829 830 831
807 833 809
809 833 834
833 825 834
834 825 824
823 832 824
824 832 834
832 810 834
834 810 809
565 564 835
835 564 836
837 838 836
836 838 835
838 839 835
835 839 840
568 565 840
840 565 835
841 842 843
843 842 844
842 845 844
844 845 846
839 838 846
846 838 844
838 837 844
844 837 843
847 812 848
848 812 830
828 849 830
830 849 848
849 839 848
848 839 846
845 847 846
846 847 848
574 573 826
826 573 850
573 568 850
850 568 840
839 849 840
840 849 850
849 828 850
850 828 826
194 276 851
851 276 852
276 281 852
852 281 853
854 855 853
853 855 852
855 856 852
852 856 851
286 266 857
857 266 818
816 858 818
818 858 857
858 854 857
857 854 853
281 286 853
853 286 857
812 847 813
813 847 859
847 845 859
859 845 860
854 858 860
860 858 859
858 816 859
859 816 813
842 841 861
861 841 862
856 855 862
862 855 861
855 854 861
861 854 860
845 842 860
860 842 861
46 863 48
48 863 864
863 865 864
864 865 866
867 868 866
866 868 864
868 49 864
864 49 48
869 870 871
871 870 872
873 874 872
872 874 871
874 867 871
871 867 866
865 869 866
866 869 871
875 876 877
877 876 878
876 879 878
878 879 880
867 874 880
880 874 878
874 873 878
878 873 877
881 54 882
882 54 56
49 868 56
56 868 882
868 867 882
882 867 880
879 881 880
880 881 882
700 776 883
883 776 884
781 885 776
776 885 884
885 886 884
884 886 887
888 883 887
887 883 884
767 889 790
790 889 890
889 891 890
890 891 892
886 885 892
892 885 890
885 781 890
890 781 790
893 875 894
894 875 877
873 895 877
877 895 894
895 886 894
894 886 892
891 893 892
892 893 894
870 896 872
872 896 897
896 888 897
897 888 887
886 895 887
887 895 897
895 873 897
897 873 872
584 820 761
761 820 898
825 899 820
820 899 898
899 900 898
898 900 901
762 761 901
901 761 898
807 902 833
833 902 903
902 904 903
903 904 905
900 899 905
905 899 903
899 825 903
903 825 833
906 875 907
907 875 893
891 908 893
893 908 907
908 900 907
907 900 905
904 906 905
905 906 907
767 766 889
889 766 909
766 762 909
909 762 901
900 908 901
901 908 909
908 891 909
909 891 889
66 65 800
800 65 910
65 73 910
910 73 911
912 913 911
911 913 910
913 802 910
910 802 800
79 54 914
914 54 881
879 915 881
881 915 914
915 912 914
914 912 911
73 79 911
911 79 914
875 906 876
876 906 916
906 904 916
916 904 917
912 915 917
917 915 916
915 879 916
916 879 876
902 807 918
918 807 806
802 913 806
806 913 918
913 912 918
918 912 917
904 902 917
917 902 918
122 919 124
124 919 920
919 921 920
920 921 922
923 924 922
922 924 920
924 125 920
920 125 124
925 926 927
927 926 928
929 930 928
928 930 927
930 923 927
927 923 922
921 925 922
922 925 927
931 932 933
933 932 934
932 935 934
934 935 936
923 930 936
936 930 934
930 929 934
934 929 933
937 130 938
938 130 132
125 924 132
132 924 938
924 923 938
938 923 936
935 937 936
936 937 938
939 637 940
940 637 720
725 941 720
720 941 940
941 942 940
940 942 943
944 939 943
943 939 940
710 945 734
734 945 946
945 947 946
946 947 948
942 941 948
948 941 946
941 725 946
946 725 734
949 931 950
950 931 933
929 951 933
933 951 950
951 942 950
950 942 948
947 949 948
948 949 950
926 952 928
928 952 953
952 944 953
953 944 943
942 951 943
943 951 953
951 929 953
953 929 928
701 700 954
954 700 883
888 955 883
883 955 954
955 956 954
954 956 957
704 701 957
957 701 954
870 958 896
896 958 959
958 960 959
959 960 961
956 955 961
961 955 959
955 888 959
959 888 896
962 931 963
963 931 949
947 964 949
949 964 963
964 956 963
963 956 961
960 962 961
961 962 963
710 709 945
945 709 965
709 704 965
965 704 957
956 964 957
957 964 965
964 947 965
965 947 945
46 141 863
863 141 966
141 146 966
966 146 967
968 969 967
967 969 966
969 865 966
966 865 863
151 130 970
970 130 937
935 971 937
937 971 970
971 968 970
970 968 967
146 151 967
967 151 970
931 962 932
932 962 972
962 960 972
972 960 973
968 971 973
973 971 972
971 935 972
972 935 932
958 870 974
974 870 869
865 969 869
869 969 974
969 968 974
974 968 973
960 958 973
973 958 974
194 851 196
196 851 975
851 856 975
975 856 976
977 978 976
976 978 975
978 197 975
975 197 196
862 841 979
979 841 980
981 982 980
980 982 979
982 977 979
979 977 976
856 862 976
976 862 979
983 984 985
985 984 986
984 987 986
986 987 988
977 982 988
988 982 986
982 981 986
986 981 985
989 202 990
990 202 204
197 978 204
204 978 990
978 977 990
990 977 988
987 989 988
988 989 990
564 656 836
836 656 991
661 992 656
656 992 991
992 993 991
991 993 994
837 836 994
994 836 991
646 995 670
670 995 996
995 997 996
996 997 998
993 992 998
998 992 996
992 661 996
996 661 670
999 983 1000
1000 983 985
981 1001 985
985 1001 1000
1001 993 1000
1000 993 998
997 999 998
998 999 1000
841 843 980
980 843 1002
843 837 1002
1002 837 994
993 1001 994
994 1001 1002
1001 981 1002
1002 981 980
637 939 639
639 939 1003
944 1004 939
939 1004 1003
1004 1005 1003
1003 1005 1006
640 639 1006
1006 639 1003
926 1007 952
952 1007 1008
1007 1009 1008
1008 1009 1010
1005 1004 1010
1010 1004 1008
1004 944 1008
1008 944 952
1011 983 1012
1012 983 999
997 1013 999
999 1013 1012
1013 1005 1012
1012 1005 1010
1009 1011 1010
1010 1011 1012
646 645 995
995 645 1014
645 640 1014
1014 640 1006
1005 1013 1006
1006 1013 1014
1013 997 1014
1014 997 995
122 213 919
919 213 1015
213 218 1015
1015 218 1016
1017 1018 1016
1016 1018 1015
1018 921 1015
1015 921 919
223 202 1019
1019 202 989
987 1020 989
989 1020 1019
1020 1017 1019
1019 1017 1016
218 223 1016
1016 223 1019
983 1011 984
984 1011 1021
1011 1009 1021
1021 1009 1022
1017 1020 1022
1022 1020 1021
1020 987 1021
1021 987 984
1007 926 1023
1023 926 925
921 1018 925
925 1018 1023
1018 1017 1023
1023 1017 1022
1009 1007 1022
1022 1007 1023
