1024
25.586777 -86.956120 85.178605
32.618027 -81.643735 79.955231
25.586777 -68.106229 99.858452
32.618027 -63.915768 93.771874
32.618027 -43.233144 103.640908
25.586777 -46.114686 110.344056
17.379753 -48.173241 115.133561
17.379753 -71.099866 104.207413
17.379753 -90.751256 88.910798
32.618027 3.056545 111.536118
25.586777 3.104481 118.732537
32.618027 -20.580743 109.562317
25.586777 -22.028710 116.635415
17.379753 3.138720 123.874482
17.379753 -23.063134 121.689255
8.383682 3.159263 126.963624
-1.014709 3.166111 128.001648
8.383682 -23.684165 124.725464
-1.014709 -23.891965 125.745698
-1.014709 -49.822621 118.977845
8.383682 -49.409119 118.010972
-1.014709 -93.791989 91.906464
8.383682 -93.029691 91.153008
-1.014709 -73.498441 107.698105
8.383682 -72.897122 106.820160
32.618027 70.028857 93.771874
32.618027 87.756824 79.955239
25.586777 74.315189 99.858452
25.586777 93.165080 85.178605
17.379753 97.028690 88.910798
17.379753 77.377300 104.207413
17.379753 54.450683 115.133561
25.586777 52.323650 110.344056
32.618027 49.346233 103.640908
-1.014709 100.124210 91.906457
-1.014709 79.830661 107.698105
8.383682 99.348209 91.153016
8.383682 79.215640 106.820160
-1.014709 56.154842 118.977845
8.383682 55.727641 118.010987
-1.014709 30.224185 125.745698
8.383682 30.002691 124.725464
17.379753 29.340572 121.689255
32.618027 26.693832 109.562317
25.586777 28.237672 116.635415
-27.756542 93.196750 85.246285
-34.896950 87.804324 80.056748
-27.756542 74.340228 99.937142
-34.896954 70.066425 93.889916
-34.896950 49.372195 103.770753
-27.756542 52.340953 110.430619
-19.471548 54.461185 115.186112
-19.471548 77.392505 104.255189
-19.471548 97.047923 88.951882
-34.896950 3.056544 111.675423
-27.756542 3.104480 118.825402
-34.896954 26.707088 109.699257
-27.756544 28.246509 116.726708
-19.471546 3.138719 123.930863
-19.471548 29.345937 121.744675
-10.428695 3.159262 126.990159
-10.428695 30.005214 124.751542
-10.428695 55.732585 118.035706
-10.428694 99.357257 91.172341
-10.428694 79.222797 106.842644
-34.896954 -63.953328 93.889916
-34.896950 -81.691235 80.056748
-27.756544 -68.131268 99.937142
-27.756542 -86.987790 85.246277
-19.471546 -90.770474 88.951882
-19.471548 -71.115063 104.255189
-19.471548 -48.183751 115.186127
-27.756542 -46.131993 110.430619
-34.896950 -43.259106 103.770753
-10.428694 -93.038739 91.172349
-10.428695 -72.904271 106.842644
-10.428695 -49.414059 118.035706
-10.428694 -23.686690 124.751557
-19.471548 -23.068497 121.744675
-34.896954 -20.593999 109.699257
-27.756542 -22.037549 116.726708
25.586777 107.826099 66.304520
32.618027 101.545230 62.190980
32.618027 111.394107 41.466019
25.586777 118.298267 44.284752
17.379753 123.230541 46.298798
17.379753 112.313098 69.243722
32.618027 119.273212 -4.918421
25.586777 126.675998 -4.997580
32.618027 117.303432 18.767249
25.586777 124.581561 20.167866
17.379753 131.964496 -5.054122
17.379753 129.781009 21.168644
8.383682 135.139453 -5.088047
-1.014709 136.201648 -5.099357
8.383682 132.902499 21.769921
-1.014709 133.946811 21.972035
-1.014709 127.182285 47.915448
8.383682 126.191638 47.508812
-1.014709 115.908084 71.602913
8.383682 115.006870 71.009537
32.618027 101.545245 -72.027816
32.618027 87.756824 -89.792068
25.586777 107.826114 -76.299682
25.586777 93.165088 -95.173767
17.379753 97.028682 -99.019035
17.379753 112.313106 -79.351959
17.379753 123.230541 -56.407039
25.586777 118.298267 -54.279911
32.618027 111.394107 -51.302860
-1.014709 100.124210 -102.105171
-1.014709 115.908084 -81.801628
8.383682 99.348209 -101.329109
8.383682 115.006870 -81.185630
-1.014709 127.182285 -58.114158
8.383682 126.191638 -57.684905
-1.014709 133.946811 -32.170745
8.383682 132.902499 -31.946016
17.379753 129.781001 -31.276887
32.618027 117.303432 -28.604091
25.586777 124.581561 -30.163026
-27.756542 93.196750 -95.241447
-34.896950 87.804332 -89.893600
-27.756542 107.862941 -76.353202
-34.896954 101.600482 -72.108093
-34.896950 111.454883 -51.358345
-27.756542 118.338786 -54.316909
-19.471548 123.255138 -56.429500
-19.471548 112.335468 -79.384452
-19.471548 97.047923 -99.060134
-34.896950 119.338397 -4.918424
-27.756542 126.719470 -4.997582
-34.896954 117.367511 -28.632427
-27.756544 124.624294 -30.181919
-19.471546 131.990878 -5.054124
-19.471548 129.806949 -31.288360
-10.428695 135.151874 -5.088048
-10.428695 132.914706 -31.951416
-10.428695 126.203220 -57.695476
-10.428694 99.357265 -101.348442
-10.428694 115.017398 -81.200920
-34.896954 101.600482 62.271248
-27.756544 107.862941 66.358033
-19.471548 112.335468 69.276215
-19.471548 123.255138 46.321251
-27.756542 118.338786 44.321740
-34.896950 111.454883 41.521500
-10.428695 115.017398 71.024819
-10.428695 126.203212 47.519379
-10.428694 132.914706 21.775319
-19.471548 129.806949 21.180111
-34.896954 117.367511 18.795579
-27.756542 124.624294 20.186753
25.586777 74.315189 -109.853607
32.618027 70.028857 -103.608703
32.618027 49.346233 -113.477737
25.586777 52.323646 -120.339202
17.379753 54.450679 -125.241806
17.379753 77.377300 -114.315650
32.618027 3.056544 -121.372955
25.586777 3.104480 -128.727691
32.618027 26.693832 -119.399154
25.586777 28.237670 -126.630569
17.379753 3.138719 -133.982727
17.379753 29.340572 -131.797493
8.383682 3.159263 -137.139724
-1.014709 3.166111 -138.200363
8.383682 30.002689 -134.901565
-1.014709 30.224185 -135.944397
-1.014709 56.154842 -129.176559
8.383682 55.727641 -128.187072
-1.014709 79.830661 -117.896820
8.383682 79.215640 -116.996253
32.618027 -63.915768 -103.608703
32.618027 -81.643735 -89.792068
25.586777 -68.106229 -109.853607
25.586777 -86.956120 -95.173767
17.379753 -90.751248 -99.019042
17.379753 -71.099858 -114.315658
17.379753 -48.173241 -125.241806
25.586777 -46.114686 -120.339202
32.618027 -43.233144 -113.477737
-1.014709 -93.791989 -102.105171
-1.014709 -73.498441 -117.896812
8.383682 -93.029691 -101.329109
8.383682 -72.897115 -116.996261
-1.014709 -49.822621 -129.176559
8.383682 -49.409116 -128.187072
-1.014709 -23.891963 -135.944397
8.383682 -23.684163 -134.901565
17.379753 -23.063132 -131.797493
32.618027 -20.580743 -119.399154
25.586777 -22.028710 -126.630569
-27.756542 -86.987790 -95.241455
-34.896950 -81.691235 -89.893600
-27.756542 -68.131268 -109.932312
-34.896954 -63.953328 -103.726776
-34.896950 -43.259103 -113.607604
-27.756542 -46.131993 -120.425781
-19.471548 -48.183751 -125.294364
-19.471548 -71.115063 -114.363433
-19.471548 -90.770482 -99.060134
-34.896950 3.056545 -121.512275
-27.756542 3.104481 -128.820556
-34.896954 -20.593999 -119.536102
-27.756544 -22.037549 -126.721862
-19.471546 3.138720 -134.039108
-19.471548 -23.068499 -131.852920
-10.428695 3.159264 -137.166259
-10.428695 -23.686690 -134.927642
-10.428695 -49.414063 -128.211807
-10.428694 -93.038731 -101.348449
-10.428694 -72.904271 -117.018737
-34.896954 70.066425 -103.726776
-27.756544 74.340228 -109.932312
-19.471548 77.392505 -114.363433
-19.471548 54.461189 -125.294364
-27.756542 52.340957 -120.425781
-34.896950 49.372195 -113.607604
-10.428695 79.222797 -117.018737
-10.428695 55.732589 -128.211807
-10.428694 30.005218 -134.927642
-19.471548 29.345939 -131.852920
-34.896954 26.707090 -119.536102
-27.756542 28.246511 -126.721862
25.586777 -101.617146 -76.299682
32.618027 -95.432149 -72.027816
32.618027 -105.281026 -51.302860
25.586777 -112.089314 -54.279914
17.379753 -116.953107 -56.407039
17.379753 -106.035664 -79.351966
32.618027 -113.160115 -4.918421
25.586777 -120.467046 -4.997580
32.618027 -111.190350 -28.604091
25.586777 -118.372609 -30.163024
17.379753 -125.687054 -5.054122
17.379753 -123.503575 -31.276889
8.383682 -128.820920 -5.088047
-1.014709 -129.869427 -5.099357
8.383682 -126.583981 -31.946018
-1.014709 -127.614590 -32.170745
-1.014709 -120.850072 -58.114166
8.383682 -119.873112 -57.684902
-1.014709 -109.575871 -81.801628
8.383682 -108.688351 -81.185630
32.618027 -95.432149 62.190980
25.586777 -101.617146 66.304520
17.379753 -106.035664 69.243722
17.379753 -116.953107 46.298798
25.586777 -112.089314 44.284752
32.618027 -105.281026 41.466019
-1.014709 -109.575871 71.602913
8.383682 -108.688359 71.009537
-1.014709 -120.850064 47.915448
8.383682 -119.873112 47.508812
-1.014709 -127.614590 21.972033
8.383682 -126.583981 21.769923
17.379753 -123.503568 21.168646
32.618027 -111.190350 18.767249
25.586777 -118.372609 20.167866
-27.756542 -101.653973 66.358033
-34.896954 -95.487393 62.271248
-34.896950 -105.341779 41.521496
-27.756542 -112.129819 44.321740
-19.471548 -116.977689 46.321251
-19.471548 -106.058026 69.276207
-34.896950 -113.225293 -4.918423
-27.756542 -120.510495 -4.997582
-34.896954 -111.254407 18.795579
-27.756544 -118.415326 20.186753
-19.471546 -125.713437 -5.054124
-19.471548 -123.529492 21.180111
-10.428695 -128.833325 -5.088048
-10.428695 -126.596158 21.775319
-10.428695 -119.884679 47.519375
-10.428694 -108.698872 71.024819
-34.896954 -95.487393 -72.108093
-27.756544 -101.653973 -76.353195
-19.471548 -106.058026 -79.384452
-19.471548 -116.977696 -56.429500
-27.756542 -112.129819 -54.316905
-34.896950 -105.341779 -51.358345
-10.428695 -108.698872 -81.200920
-10.428695 -119.884686 -57.695472
-10.428694 -126.596173 -31.951416
-19.471548 -123.529492 -31.288360
-34.896954 -111.254407 -28.632425
-27.756542 -118.415326 -30.181917
38.086777 -74.813527 -82.872756
38.086777 -87.480016 -66.535427
41.989128 -66.845509 -74.801422
41.989128 -78.203175 -60.128593
41.989128 -86.315793 -43.010292
38.086777 -96.527508 -47.475215
44.321182 -58.119717 -65.963699
45.079041 -49.016164 -56.745197
44.321182 -68.044087 -53.113407
45.079041 -57.445180 -45.795955
45.079041 -63.465901 -33.021841
44.321182 -75.132924 -38.121398
45.079041 -68.282483 -4.432162
44.321182 -80.803990 -4.567862
45.079041 -67.078336 -19.031147
44.321182 -79.386220 -21.701583
41.989128 -92.805890 -4.697908
41.989128 -91.183369 -24.261680
38.086777 -103.765500 -4.816646
38.086777 -101.956006 -26.599746
37.868454 -23.239156 -30.661148
32.290546 -16.424777 -23.775669
37.868454 -27.434012 -25.090885
32.290546 -19.500283 -19.625251
32.290546 -21.697074 -14.783099
37.868454 -30.430337 -18.592246
41.856575 -40.627583 -23.043956
41.856575 -36.697697 -31.478605
41.856575 -31.195859 -38.708305
32.290546 -23.454507 -3.945902
37.868454 -32.827397 -4.047677
32.290546 -23.015147 -9.479790
37.868454 -32.228131 -11.474691
41.856575 -43.771493 -4.166415
41.856575 -42.985512 -13.806011
44.258804 -55.764085 -4.296462
44.258804 -54.773511 -16.362060
44.258804 -51.801781 -27.924924
44.258804 -39.914868 -47.531524
44.258804 -46.848904 -38.482322
32.290546 -19.500283 11.733447
32.290546 -16.424777 15.883862
37.868454 -27.434012 16.995530
37.868454 -23.239154 22.565789
41.856575 -31.195859 30.375470
41.856575 -36.697701 23.145773
41.856575 -40.627583 14.711127
37.868454 -30.430337 10.496892
32.290546 -21.697074 6.891295
45.079041 -49.016160 47.880868
45.079041 -57.445176 36.931630
44.258804 -39.914868 38.938599
44.258804 -46.848904 29.889401
45.079041 -63.465901 24.157521
44.258804 -51.801785 19.332001
45.079041 -67.078336 10.166825
44.258804 -54.773511 7.769137
41.856575 -42.985516 5.473181
32.290546 -23.015147 1.587985
37.868454 -32.228131 3.379336
38.086777 -74.813519 73.239464
38.086777 -87.480016 56.902134
38.086777 -96.527508 37.841923
41.989128 -86.315793 33.614480
41.989128 -78.203168 50.732781
41.989128 -66.845509 65.405610
38.086777 -101.956006 16.966454
41.989128 -91.183362 14.865864
44.321182 -79.386220 12.565861
44.321182 -75.132916 28.985680
44.321182 -68.044080 43.977685
44.321182 -58.119714 56.827973
38.086777 80.803348 -82.872749
38.086777 64.517864 -95.579559
41.989128 72.691531 -74.801422
41.989128 58.088817 -86.213623
41.989128 41.052318 -94.365196
38.086777 45.518131 -104.655853
44.321182 63.808231 -65.963699
45.079041 54.540324 -56.745193
44.321182 51.048332 -75.958374
45.079041 43.703021 -65.261272
45.079041 31.059495 -71.344184
44.321182 36.161781 -83.097427
45.079041 2.762082 -76.210510
44.321182 2.844258 -88.808662
45.079041 17.211826 -74.993927
44.321182 19.857461 -87.380851
41.989128 2.923010 -100.886444
41.989128 22.393295 -99.256141
38.086777 2.994913 -111.916885
38.086777 24.708896 -110.101623
37.868454 28.297660 -30.661144
32.290546 21.360017 -23.775667
37.868454 22.904271 -34.993572
32.290546 17.405795 -27.003768
32.290546 12.792535 -29.309555
37.868454 16.611985 -38.088161
41.856575 21.071616 -48.347900
41.856575 29.324376 -44.331401
41.856575 36.398174 -38.708305
32.290546 2.467620 -31.154186
37.868454 2.529251 -40.563835
32.290546 7.739917 -30.693029
37.868454 9.720435 -39.944915
41.856575 2.601155 -51.561099
41.856575 12.032880 -50.757801
44.258804 2.679907 -63.618991
44.258804 14.566821 -62.613525
44.258804 25.958448 -59.597125
44.258804 45.274684 -47.531524
44.258804 36.359500 -54.569793
32.290546 -12.470555 -27.003770
37.868454 -17.845769 -34.993572
41.856575 -24.122065 -44.331401
41.856575 -15.869305 -48.347900
37.868454 -11.553483 -38.088161
32.290546 -7.857295 -29.309555
45.079041 -38.178853 -65.261272
44.258804 -30.999684 -54.569793
45.079041 -25.535332 -71.344184
44.258804 -20.598634 -59.597125
45.079041 -11.687661 -74.993927
44.258804 -9.207008 -62.613525
41.856575 -6.830570 -50.757801
32.290546 -2.804677 -30.693029
37.868454 -4.661932 -39.944915
38.086777 -58.528035 -95.579559
38.086777 -39.528302 -104.655853
41.989128 -35.206296 -94.365196
41.989128 -52.242799 -86.213623
38.086777 -18.719069 -110.101623
41.989128 -16.547274 -99.256134
44.321182 -14.168944 -87.380851
44.321182 -30.473264 -83.097427
44.321182 -45.359814 -75.958374
38.086777 80.803348 73.239464
38.086777 93.469836 56.902138
41.989128 72.691531 65.405610
41.989128 84.049197 50.732781
41.989128 92.161823 33.614476
38.086777 102.517337 37.841919
44.321182 63.808234 56.827977
45.079041 54.540324 47.880868
44.321182 73.732600 43.977685
45.079041 62.969341 36.931633
45.079041 68.990070 24.157517
44.321182 80.821437 28.985673
45.079041 73.806651 -4.432162
44.321182 86.492511 -4.567863
45.079041 72.602504 10.166823
44.321182 85.074741 12.565857
41.989128 98.651920 -4.697909
41.989128 97.029392 14.865862
38.086777 109.755328 -4.816647
38.086777 107.945834 16.966454
37.868454 28.297660 22.565789
32.290546 21.360019 15.883862
37.868454 32.492515 16.995530
32.290546 24.435525 11.733449
32.290546 26.632314 6.891295
37.868454 35.488841 10.496892
41.856575 45.829898 14.711127
41.856575 41.900008 23.145775
41.856575 36.398174 30.375470
32.290546 28.389747 -3.945902
37.868454 37.885902 -4.047677
32.290546 27.950389 1.587986
37.868454 37.286636 3.379336
41.856575 48.973804 -4.166415
41.856575 48.187827 5.473181
44.258804 61.123904 -4.296462
44.258804 60.133327 7.769137
44.258804 57.161594 19.332001
44.258804 45.274684 38.938599
44.258804 52.208717 29.889401
32.290546 24.435523 -19.625250
37.868454 32.492515 -25.090883
41.856575 41.900008 -31.478603
41.856575 45.829898 -23.043956
37.868454 35.488841 -18.592247
32.290546 26.632316 -14.783099
45.079041 62.969341 -45.795951
44.258804 52.208717 -38.482322
45.079041 68.990070 -33.021842
44.258804 57.161594 -27.924924
45.079041 72.602504 -19.031147
44.258804 60.133327 -16.362060
41.856575 48.187827 -13.806011
32.290546 27.950389 -9.479790
37.868454 37.286639 -11.474691
38.086777 93.469836 -66.535427
38.086777 102.517337 -47.475215
41.989128 92.161823 -43.010292
41.989128 84.049197 -60.128593
38.086777 107.945834 -26.599746
41.989128 97.029392 -24.261680
44.321182 85.074741 -21.701583
44.321182 80.821437 -38.121398
44.321182 73.732600 -53.113407
38.086777 -58.528035 85.946274
41.989128 -52.242795 76.817811
41.989128 -35.206300 84.969376
38.086777 -39.528298 95.022561
44.321182 -45.359814 66.822648
45.079041 -38.178853 56.396943
45.079041 -25.535331 62.479851
44.321182 -30.473264 73.961701
45.079041 2.762082 67.346184
44.321182 2.844258 79.672944
45.079041 -11.687659 66.129601
44.321182 -14.168944 78.245133
41.989128 2.923009 91.490639
41.989128 -16.547274 89.860329
38.086777 2.994913 102.283593
38.086777 -18.719069 100.468339
37.868454 -17.845767 26.898213
32.290546 -12.470554 19.111962
32.290546 -7.857294 21.417748
37.868454 -11.553481 29.992798
41.856575 -15.869305 40.015061
41.856575 -24.122065 35.998566
32.290546 2.467620 23.262377
37.868454 2.529252 32.468468
32.290546 -2.804677 22.801219
37.868454 -4.661931 31.849553
41.856575 2.601155 43.228261
41.856575 -6.830569 42.424962
44.258804 2.679907 55.026063
44.258804 -9.207007 54.020592
44.258804 -20.598632 51.004189
44.258804 -30.999684 45.976861
32.290546 17.405795 19.111962
37.868454 22.904271 26.898213
41.856575 29.324376 35.998566
41.856575 21.071618 40.015065
37.868454 16.611986 29.992798
32.290546 12.792536 21.417750
45.079041 43.703021 56.396943
44.258804 36.359500 45.976861
45.079041 31.059493 62.479851
44.258804 25.958448 51.004197
45.079041 17.211825 66.129601
44.258804 14.566821 54.020596
41.856575 12.032880 42.424962
32.290546 7.739918 22.801219
37.868454 9.720435 31.849553
38.086777 64.517860 85.946274
38.086777 45.518127 95.022568
41.989128 41.052314 84.969376
41.989128 58.088813 76.817811
38.086777 24.708896 100.468339
41.989128 22.393295 89.860329
44.321182 19.857459 78.245133
44.321182 36.161777 73.961701
44.321182 51.048328 66.822648
25.118950 -11.132748 -18.437486
25.118948 -13.338958 -15.387796
16.755985 -7.361371 -14.642974
16.755985 -8.948062 -12.375650
16.755983 -10.081412 -9.730438
25.118950 -14.914822 -11.829824
7.603971 -5.108948 -12.388505
-1.934768 -4.373786 -11.670455
7.603971 -6.325621 -10.585947
-1.934768 -5.469666 -10.015819
-1.934768 -6.252438 -8.085410
7.603971 -7.194674 -8.482961
-1.934768 -6.878655 -3.764970
7.603972 -7.889916 -3.776278
-1.934768 -6.722102 -5.971152
7.603971 -7.716105 -6.179690
16.755985 -10.988093 -3.810203
16.755985 -10.761422 -6.833302
25.118950 -16.175513 -3.866744
25.118948 -15.860339 -7.932998
-35.910576 -16.571797 -24.089912
-35.910576 -19.671239 -19.873724
-28.848137 -11.254887 -18.698551
-28.848137 -13.480981 -15.594220
-35.910576 -21.885123 -14.954839
-28.848137 -15.071049 -11.972499
-20.563145 -10.192795 -9.832160
-20.563141 -9.049319 -12.522822
-20.563143 -7.448451 -14.829104
-35.910576 -23.213456 -9.567488
-35.910576 -23.656232 -3.945905
-28.848139 -16.025088 -8.005854
-28.848139 -16.343102 -3.866746
-20.563145 -11.107575 -3.810204
-20.563145 -10.878880 -6.885246
-11.457913 -7.951985 -3.776278
-11.457912 -7.777122 -6.206674
-11.457912 -7.252536 -8.535803
-11.457912 -6.378223 -10.662400
-11.457912 -5.154185 -12.485197
-35.910576 -16.571797 16.198102
-28.848137 -11.254887 10.965060
-35.910576 -19.671239 11.981915
-28.848137 -13.480981 7.860728
-20.563143 -7.448451 7.208697
-20.563143 -9.049318 4.902415
-20.563145 -10.192795 2.211753
-28.848141 -15.071048 4.239008
-35.910580 -21.885125 7.063030
-11.457912 -5.154185 4.932639
-1.934768 -4.373786 4.140517
-11.457912 -6.378222 3.109843
-1.934768 -5.469666 2.485879
-1.934768 -6.252438 0.555470
-11.457914 -7.252536 0.983247
-1.934768 -6.722101 -1.558788
-11.457914 -7.777122 -1.345883
-20.563145 -10.878881 -0.735162
-28.848141 -16.025088 0.272362
-35.910580 -23.213456 1.675679
25.118950 -11.132748 10.703997
25.118950 -13.338958 7.654307
25.118950 -14.914820 4.096335
16.755985 -10.081412 2.110033
16.755985 -8.948062 4.755244
16.755985 -7.361370 7.022568
25.118950 -15.860339 0.199509
16.755985 -10.761422 -0.787104
7.603972 -7.716105 -1.372865
7.603971 -7.194674 0.930405
7.603971 -6.325621 3.033391
7.603971 -5.108948 4.835949
25.118950 15.972118 -18.437485
25.118948 13.135562 -20.809466
16.755985 12.132261 -14.642973
16.755985 10.092230 -16.406448
16.755983 7.712193 -17.666072
25.118950 9.826247 -22.503740
-1.934768 9.089893 -11.670455
-1.934768 7.680903 -12.957395
7.603971 9.838751 -12.388505
7.603971 8.274457 -13.790496
-1.934768 6.037081 -13.876638
7.603971 6.449447 -14.791918
-1.934768 2.358054 -14.612031
7.603972 2.364901 -15.593056
-1.934768 4.236706 -14.428183
7.603971 4.450627 -15.392771
16.755985 2.385445 -18.673773
16.755985 5.105486 -18.421849
25.118950 2.419684 -23.859157
25.118948 6.201759 -23.520303
-28.848137 16.094260 -18.698552
-35.910576 21.507041 -24.089912
-28.848137 13.232140 -21.113032
-35.910576 17.522046 -27.369171
-35.910576 12.872886 -29.711496
-28.848137 9.892999 -22.837659
-20.563145 7.759785 -17.904146
-20.563141 10.161085 -16.622879
-20.563143 12.219343 -14.829104
-35.910576 7.780948 -31.116893
-35.910576 2.467622 -31.585357
-28.848139 6.235846 -23.872436
-28.848139 2.419686 -24.217361
-20.563145 2.385446 -18.929160
-20.563145 5.129789 -18.672906
-11.457913 2.364902 -15.725725
-11.457912 4.463251 -15.523192
-11.457912 6.474170 -14.915593
-11.457912 9.883989 -12.485197
-11.457912 8.310226 -13.902928
-35.910576 -12.586802 -27.369169
-28.848137 -8.392767 -21.113031
-20.563143 -5.390194 -16.622879
-20.563145 -2.988894 -17.904146
-28.848141 -5.053627 -22.837659
-35.910580 -7.937642 -29.711496
-1.934768 -2.964796 -12.957395
-11.457912 -3.580423 -13.902928
-1.934768 -1.320975 -13.876638
-11.457914 -1.744366 -14.915593
-1.934768 0.479401 -14.428183
-11.457914 0.266552 -15.523192
-20.563145 -0.358898 -18.672906
-28.848141 -1.396475 -23.872436
-35.910580 -2.845705 -31.116893
25.118950 -8.296193 -20.809468
25.118950 -4.986878 -22.503740
16.755985 -2.941303 -17.666073
16.755985 -5.321339 -16.406449
25.118950 -1.362390 -23.520303
16.755985 -0.334596 -18.421848
7.603972 0.279176 -15.392771
7.603971 -1.719644 -14.791918
7.603971 -3.544654 -13.790496
25.118950 15.972118 10.703997
25.118948 18.178328 7.654309
16.755985 12.132261 7.022568
16.755985 13.718951 4.755245
16.755983 14.852301 2.110033
25.118950 19.754192 4.096336
7.603971 9.838751 4.835949
-1.934768 9.089893 4.140516
7.603971 11.055424 3.033391
-1.934768 10.185773 2.485879
-1.934768 10.968546 0.555470
7.603971 11.924476 0.930405
-1.934768 11.594763 -3.764970
7.603972 12.619718 -3.776278
-1.934768 11.438209 -1.558788
7.603971 12.445908 -1.372865
16.755985 15.758982 -3.810202
16.755985 15.532311 -0.787104
25.118950 21.014882 -3.866744
25.118948 20.699708 0.199509
-35.910576 21.507041 16.198102
-35.910576 24.606483 11.981915
-28.848137 16.094260 10.965060
-28.848137 18.320354 7.860728
-35.910576 26.820369 7.063031
-28.848137 19.910421 4.239008
-20.563145 14.963688 2.211753
-20.563141 13.820212 4.902415
-20.563143 12.219344 7.208695
-35.910576 28.148700 1.675679
-35.910576 28.591480 -3.945905
-28.848139 20.864461 0.272363
-28.848139 21.182473 -3.866746
-20.563145 15.878469 -3.810204
-20.563145 15.649774 -0.735162
-11.457913 12.681789 -3.776278
-11.457912 12.506927 -1.345883
-11.457912 11.982339 0.983247
-11.457912 11.108027 3.109843
-11.457912 9.883990 4.932640
-35.910576 24.606483 -19.873724
-28.848137 18.320354 -15.594220
-20.563143 13.820211 -12.522822
-20.563145 14.963688 -9.832160
-28.848141 19.910421 -11.972500
-35.910580 26.820369 -14.954839
-11.457912 11.108027 -10.662400
-1.934768 10.185773 -10.015818
-1.934768 10.968545 -8.085409
-11.457914 11.982339 -8.535803
-1.934768 11.438209 -5.971152
-11.457914 12.506927 -6.206674
-20.563145 15.649773 -6.885246
-28.848141 20.864461 -8.005854
-35.910580 28.148700 -9.567488
25.118950 18.178327 -15.387795
25.118950 19.754190 -11.829823
16.755985 14.852301 -9.730438
16.755985 13.718951 -12.375649
25.118950 20.699708 -7.932997
16.755985 15.532312 -6.833301
7.603972 12.445908 -6.179690
7.603971 11.924476 -8.482960
7.603971 11.055424 -10.585946
25.118948 -8.296192 13.075978
16.755985 -5.321339 8.786043
16.755983 -2.941303 10.045667
25.118950 -4.986877 14.770251
-1.934768 -2.964795 5.427455
7.603971 -3.544654 6.237940
-1.934768 -1.320975 6.346697
7.603971 -1.719644 7.239361
-1.934768 0.479401 6.898243
-1.934768 2.358054 7.082091
7.603971 0.279176 7.840215
7.603972 2.364901 8.040499
16.755985 2.385445 11.053366
16.755985 -0.334596 10.801443
25.118950 2.419685 16.125668
25.118948 -1.362389 15.786814
-35.910576 -12.586802 19.477360
-28.848137 -8.392768 13.379540
-35.910576 -7.937642 21.819685
-28.848137 -5.053628 15.104168
-20.563145 -2.988893 10.283738
-20.563141 -5.390194 9.002471
-35.910576 -2.845705 23.225079
-35.910576 2.467622 23.693545
-28.848139 -1.396475 16.138943
-28.848139 2.419686 16.483868
-20.563145 2.385446 11.308751
-20.563145 -0.358898 11.052498
-11.457913 2.364902 8.173167
-11.457912 0.266552 7.970634
-11.457912 -1.744367 7.363036
-11.457912 -3.580423 6.350371
-35.910576 17.522048 19.477360
-28.848137 13.232141 13.379540
-20.563143 10.161086 9.002471
-20.563145 7.759785 10.283738
-28.848141 9.893000 15.104167
-35.910580 12.872886 21.819684
-1.934768 7.680903 5.427455
-11.457912 8.310227 6.350370
-1.934768 6.037082 6.346697
-11.457914 6.474170 7.363035
-1.934768 4.236706 6.898243
-11.457914 4.463252 7.970634
-20.563145 5.129789 11.052498
-28.848141 6.235846 16.138943
-35.910580 7.780948 23.225079
25.118950 13.135562 13.075978
25.118950 9.826247 14.770249
16.755985 7.712193 10.045668
16.755985 10.092230 8.786042
25.118950 6.201759 15.786812
16.755985 5.105486 10.801442
7.603972 4.450627 7.840215
7.603971 6.449447 7.239362
7.603971 8.274457 6.237940
-40.506050 -74.881383 73.384491
-40.506050 -87.558919 57.016812
-44.572144 -66.935986 65.598992
-44.572144 -78.308385 50.885682
-44.572144 -86.431515 33.720162
-40.506050 -96.614300 37.921185
-47.083534 -58.232808 57.069703
-48.028519 -49.149609 48.166108
-47.083534 -68.175587 44.168812
-48.028519 -57.600354 37.157162
-48.028519 -63.636594 24.313401
-47.083534 -75.277570 29.117779
-48.028519 -68.465588 -4.432164
-47.083534 -80.959157 -4.567863
-48.028519 -67.258343 10.246422
-47.083534 -79.538762 12.633317
-44.572144 -92.930028 -4.697910
-44.572144 -91.305394 14.919829
-40.506050 -103.858609 -4.816648
-40.506050 -102.047528 17.006926
-41.348141 -23.397485 22.904202
-41.348141 -27.618117 17.263112
-41.348141 -30.632855 10.681837
-45.172524 -40.830102 14.896071
-45.172520 -36.881802 23.413353
-45.172520 -31.354188 30.713883
-41.348137 -33.044644 -4.047680
-41.348141 -32.441697 3.473774
-45.172524 -43.988736 -4.166418
-45.172520 -43.199078 5.567619
-47.395416 -55.968922 -4.296463
-47.395416 -54.974873 7.858180
-47.395416 -51.992726 19.506377
-47.395416 -40.064149 39.257676
-47.395416 -47.022488 30.141690
-41.348141 -27.618117 -25.358470
-41.348141 -23.397485 -30.999561
-45.172524 -31.354192 -39.046718
-45.172520 -36.881806 -31.746189
-45.172520 -40.830102 -23.228908
-41.348137 -30.632855 -18.777196
-48.028519 -49.149609 -57.030429
-48.028523 -57.600354 -46.021492
-47.395416 -40.064152 -47.850601
-47.395416 -47.022488 -38.734619
-48.028526 -63.636594 -33.177728
-47.395416 -51.992726 -28.099308
-48.028523 -67.258343 -19.110750
-47.395416 -54.974873 -16.451107
-45.172520 -43.199078 -13.900455
-41.348137 -32.441697 -11.569135
-40.506050 -74.881383 -83.017791
-40.506050 -87.558919 -66.650112
-40.506050 -96.614300 -47.554481
-44.572144 -86.431523 -43.115982
-44.572144 -78.308385 -60.281501
-44.572144 -66.935994 -74.994812
-40.506050 -102.047528 -26.640222
-44.572144 -91.305402 -24.315647
-47.083534 -79.538762 -21.769042
-47.083534 -75.277570 -38.253509
-47.083534 -68.175587 -53.304542
-47.083534 -58.232816 -66.205429
-40.506050 80.871219 73.384491
-40.506050 64.571525 86.114914
-44.572144 72.782016 65.598992
-44.572144 58.160362 77.042672
-44.572144 41.101764 85.216729
-40.506050 45.555217 95.208069
-47.083534 63.921336 57.069703
-48.028519 54.673782 48.166108
-47.083534 51.137759 67.103722
-48.028519 43.808543 56.728608
-48.028519 31.132430 62.844689
-47.083534 36.223590 74.270882
-48.028519 2.762084 67.737549
-47.083534 2.844259 80.004609
-48.028519 17.249069 66.514336
-47.083534 19.889022 78.571175
-44.572144 2.923010 91.755974
-44.572144 22.418544 90.121163
-40.506050 2.994913 102.482590
-40.506050 24.727832 100.663964
-41.348141 28.455993 22.904198
-41.348141 23.029466 27.291714
-41.348141 16.698518 30.425652
-45.172524 21.158149 40.447915
-45.172520 29.449573 36.392067
-45.172520 36.556506 30.713883
-41.348137 2.529253 32.932805
-41.348141 9.764622 32.306016
-45.172524 2.601157 43.692593
-45.172520 12.077068 42.881424
-47.395416 2.679908 55.463860
-47.395416 14.608484 54.450974
-47.395416 26.040036 51.412316
-47.395416 45.423972 39.257672
-47.395416 36.477538 46.347878
-41.348141 -17.970958 27.291718
-45.172520 -24.247256 36.392071
-45.172520 -15.955834 40.447918
-41.348137 -11.640011 30.425656
-48.028523 -38.284371 56.728615
-47.395416 -31.117718 46.347882
-48.028526 -25.608262 62.844689
-47.395416 -20.680218 51.412316
-48.028523 -11.724902 66.514336
-47.395416 -9.248667 54.450978
-45.172520 -6.874755 42.881424
-41.348137 -4.706115 32.306019
-40.506050 -58.581692 86.114914
-40.506050 -39.565388 95.208069
-44.572144 -35.255742 85.216729
-44.572144 -52.314336 77.042672
-40.506050 -18.738007 100.663964
-44.572144 -16.572526 90.121163
-47.083534 -14.200505 78.571175
-47.083534 -30.535069 74.270882
-47.083534 -45.449239 67.103722
-40.506050 80.871219 -83.017791
-40.506050 93.548755 -66.650108
-44.572144 72.782016 -74.994812
-44.572144 84.154407 -60.281501
-44.572144 92.277553 -43.115982
-40.506050 102.604137 -47.554485
-47.083534 63.921336 -66.205429
-48.028519 54.673782 -57.030429
-47.083534 73.864116 -53.304542
-48.028519 63.124530 -46.021492
-48.028519 69.160770 -33.177728
-47.083534 80.966098 -38.253509
-48.028519 73.989764 -4.432164
-47.083534 86.647693 -4.567864
-48.028519 72.782520 -19.110750
-47.083534 85.227290 -21.769044
-44.572144 98.776057 -4.697910
-44.572144 97.151431 -24.315649
-40.506050 109.848438 -4.816648
-40.506050 108.037364 -26.640224
-41.348141 28.455993 -30.999563
-41.348141 32.676624 -25.358470
-41.348141 35.691364 -18.777197
-45.172524 46.032417 -23.228908
-45.172520 42.084121 -31.746189
-45.172520 36.556506 -39.046718
-41.348137 38.103153 -4.047680
-41.348141 37.500205 -11.569136
-45.172524 49.191058 -4.166418
-45.172520 48.401393 -13.900456
-47.395416 61.328738 -4.296463
-47.395416 60.334693 -16.451107
-47.395416 57.352550 -28.099308
-47.395416 45.423972 -47.850601
-47.395416 52.382308 -38.734619
-41.348141 32.676627 17.263112
-45.172520 42.084121 23.413353
-45.172520 46.032420 14.896073
-41.348137 35.691364 10.681838
-48.028523 63.124526 37.157166
-47.395416 52.382308 30.141694
-48.028526 69.160770 24.313403
-47.395416 57.352554 19.506381
-48.028523 72.782520 10.246422
-47.395416 60.334697 7.858180
-45.172520 48.401393 5.567620
-41.348137 37.500205 3.473775
-40.506050 93.548755 57.016816
-40.506050 102.604129 37.921189
-44.572144 92.277553 33.720162
-44.572144 84.154414 50.885682
-40.506050 108.037364 17.006928
-44.572144 97.151431 14.919831
-47.083534 85.227290 12.633317
-47.083534 80.966098 29.117783
-47.083534 73.864116 44.168816
-40.506050 -58.581692 -95.748214
-44.572144 -52.314336 -86.438491
-44.572144 -35.255742 -94.612548
-40.506050 -39.565388 -104.841369
-47.083534 -45.449239 -76.239448
-48.028519 -38.284375 -65.592941
-48.028519 -25.608262 -71.709022
-47.083534 -30.535069 -83.406608
-48.028519 2.762084 -76.601882
-47.083534 2.844259 -89.140342
-48.028519 -11.724902 -75.378662
-47.083534 -14.200505 -87.706909
-44.572144 2.923010 -101.151794
-44.572144 -16.572526 -99.516983
-40.506050 2.994913 -112.115890
-40.506050 -18.738007 -110.297264
-41.348141 -17.970958 -35.387079
-41.348141 -11.640012 -38.521018
-45.172524 -15.955834 -48.780757
-45.172520 -24.247258 -44.724906
-41.348137 2.529253 -41.028167
-41.348141 -4.706115 -40.401382
-45.172524 2.601157 -52.025436
-45.172520 -6.874754 -51.214263
-47.395416 2.679908 -64.056793
-47.395416 -9.248667 -63.043907
-47.395416 -20.680218 -60.005249
-47.395416 -31.117722 -54.940811
-41.348141 23.029466 -35.387077
-45.172520 29.449573 -44.724906
-45.172520 21.158149 -48.780757
-41.348137 16.698518 -38.521018
-48.028523 43.808543 -65.592941
-47.395416 36.477538 -54.940811
-48.028526 31.132430 -71.709014
-47.395416 26.040035 -60.005245
-48.028523 17.249069 -75.378669
-47.395416 14.608484 -63.043907
-45.172520 12.077068 -51.214263
-41.348137 9.764622 -40.401382
-40.506050 64.571525 -95.748214
-40.506050 45.555217 -104.841369
-44.572144 41.101768 -94.612548
-44.572144 58.160362 -86.438491
-40.506050 24.727834 -110.297264
-44.572144 22.418544 -99.516983
-47.083534 19.889022 -87.706909
-47.083534 36.223590 -83.406616
-47.083534 51.137759 -76.239448
2048
0 1 2
2 1 3
4 5 3
3 5 2
5 6 2
2 6 7
8 0 7
7 0 2
9 10 11
11 10 12
10 13 12
12 13 14
6 5 14
14 5 12
5 4 12
12 4 11
15 16 17
17 16 18
19 20 18
18 20 17
20 6 17
17 6 14
13 15 14
14 15 17
21 22 23
23 22 24
22 8 24
24 8 7
6 20 7
7 20 24
20 19 24
24 19 23
25 26 27
27 26 28
29 30 28
28 30 27
30 31 27
27 31 32
33 25 32
32 25 27
34 35 36
36 35 37
35 38 37
37 38 39
31 30 39
39 30 37
30 29 37
37 29 36
40 16 41
41 16 15
13 42 15
15 42 41
42 31 41
41 31 39
38 40 39
39 40 41
9 43 10
10 43 44
43 33 44
44 33 32
31 42 32
32 42 44
42 13 44
44 13 10
45 46 47
47 46 48
49 50 48
48 50 47
50 51 47
47 51 52
53 45 52
52 45 47
54 55 56
56 55 57
55 58 57
57 58 59
51 50 59
59 50 57
50 49 57
57 49 56
60 16 61
61 16 40
38 62 40
40 62 61
62 51 61
61 51 59
58 60 59
59 60 61
34 63 35
35 63 64
63 53 64
64 53 52
51 62 52
52 62 64
62 38 64
64 38 35
65 66 67
67 66 68
69 70 68
68 70 67
70 71 67
67 71 72
73 65 72
72 65 67
21 23 74
74 23 75
23 19 75
75 19 76
71 70 76
76 70 75
70 69 75
75 69 74
18 16 77
77 16 60
58 78 60
60 78 77
78 71 77
77 71 76
19 18 76
76 18 77
54 79 55
55 79 80
79 73 80
80 73 72
71 78 72
72 78 80
78 58 80
80 58 55
28 26 81
81 26 82
83 84 82
82 84 81
84 85 81
81 85 86
29 28 86
86 28 81
87 88 89
89 88 90
88 91 90
90 91 92
85 84 92
92 84 90
84 83 90
90 83 89
93 94 95
95 94 96
97 98 96
96 98 95
98 85 95
95 85 92
91 93 92
92 93 95
34 36 99
99 36 100
36 29 100
100 29 86
85 98 86
86 98 100
98 97 100
100 97 99
101 102 103
103 102 104
105 106 104
104 106 103
106 107 103
103 107 108
109 101 108
108 101 103
110 111 112
112 111 113
111 114 113
113 114 115
107 106 115
115 106 113
106 105 113
113 105 112
116 94 117
117 94 93
91 118 93
93 118 117
118 107 117
117 107 115
114 116 115
115 116 117
87 119 88
88 119 120
119 109 120
120 109 108
107 118 108
108 118 120
118 91 120
120 91 88
121 122 123
123 122 124
125 126 124
124 126 123
126 127 123
123 127 128
129 121 128
128 121 123
130 131 132
132 131 133
131 134 133
133 134 135
127 126 135
135 126 133
126 125 133
133 125 132
136 94 137
137 94 116
114 138 116
116 138 137
138 127 137
137 127 135
134 136 135
135 136 137
110 139 111
111 139 140
139 129 140
140 129 128
127 138 128
128 138 140
138 114 140
140 114 111
141 46 142
142 46 45
53 143 45
45 143 142
143 144 142
142 144 145
146 141 145
145 141 142
34 99 63
63 99 147
99 97 147
147 97 148
144 143 148
148 143 147
143 53 147
147 53 63
96 94 149
149 94 136
134 150 136
136 150 149
150 144 149
149 144 148
97 96 148
148 96 149
130 151 131
131 151 152
151 146 152
152 146 145
144 150 145
145 150 152
150 134 152
152 134 131
104 102 153
153 102 154
155 156 154
154 156 153
156 157 153
153 157 158
105 104 158
158 104 153
159 160 161
161 160 162
160 163 162
162 163 164
157 156 164
164 156 162
156 155 162
162 155 161
165 166 167
167 166 168
169 170 168
168 170 167
170 157 167
167 157 164
163 165 164
164 165 167
110 112 171
171 112 172
112 105 172
172 105 158
157 170 158
158 170 172
170 169 172
172 169 171
173 174 175
175 174 176
177 178 176
176 178 175
178 179 175
175 179 180
181 173 180
180 173 175
182 183 184
184 183 185
183 186 185
185 186 187
179 178 187
187 178 185
178 177 185
185 177 184
188 166 189
189 166 165
163 190 165
165 190 189
190 179 189
189 179 187
186 188 187
187 188 189
159 191 160
160 191 192
191 181 192
192 181 180
179 190 180
180 190 192
190 163 192
192 163 160
193 194 195
195 194 196
197 198 196
196 198 195
198 199 195
195 199 200
201 193 200
200 193 195
202 203 204
204 203 205
203 206 205
205 206 207
199 198 207
207 198 205
198 197 205
205 197 204
208 166 209
209 166 188
186 210 188
188 210 209
210 199 209
209 199 207
206 208 207
207 208 209
182 211 183
183 211 212
211 201 212
212 201 200
199 210 200
200 210 212
210 186 212
212 186 183
213 122 214
214 122 121
129 215 121
121 215 214
215 216 214
214 216 217
218 213 217
217 213 214
110 171 139
139 171 219
171 169 219
219 169 220
216 215 220
220 215 219
215 129 219
219 129 139
168 166 221
221 166 208
206 222 208
208 222 221
222 216 221
221 216 220
169 168 220
220 168 221
202 223 203
203 223 224
223 218 224
224 218 217
216 222 217
217 222 224
222 206 224
224 206 203
176 174 225
225 174 226
227 228 226
226 228 225
228 229 225
225 229 230
177 176 230
230 176 225
231 232 233
233 232 234
232 235 234
234 235 236
229 228 236
236 228 234
228 227 234
234 227 233
237 238 239
239 238 240
241 242 240
240 242 239
242 229 239
239 229 236
235 237 236
236 237 239
182 184 243
243 184 244
184 177 244
244 177 230
229 242 230
230 242 244
242 241 244
244 241 243
245 1 246
246 1 0
8 247 0
0 247 246
247 248 246
246 248 249
250 245 249
249 245 246
21 251 22
22 251 252
251 253 252
252 253 254
248 247 254
254 247 252
247 8 252
252 8 22
255 238 256
256 238 237
235 257 237
237 257 256
257 248 256
256 248 254
253 255 254
254 255 256
231 258 232
232 258 259
258 250 259
259 250 249
248 257 249
249 257 259
257 235 259
259 235 232
68 66 260
260 66 261
262 263 261
261 263 260
263 264 260
260 264 265
69 68 265
265 68 260
266 267 268
268 267 269
267 270 269
269 270 271
264 263 271
271 263 269
263 262 269
269 262 268
272 238 273
273 238 255
253 274 255
255 274 273
274 264 273
273 264 271
270 272 271
271 272 273
21 74 251
251 74 275
74 69 275
275 69 265
264 274 265
265 274 275
274 253 275
275 253 251
276 194 277
277 194 193
201 278 193
193 278 277
278 279 277
277 279 280
281 276 280
280 276 277
182 243 211
211 243 282
243 241 282
282 241 283
279 278 283
283 278 282
278 201 282
282 201 211
240 238 284
284 238 272
270 285 272
272 285 284
285 279 284
284 279 283
241 240 283
283 240 284
266 286 267
267 286 287
286 281 287
287 281 280
279 285 280
280 285 287
285 270 287
287 270 267
174 288 226
226 288 289
288 290 289
289 290 291
292 293 291
291 293 289
293 227 289
289 227 226
294 295 296
296 295 297
298 299 297
297 299 296
299 292 296
296 292 291
290 294 291
291 294 296
300 301 302
302 301 303
301 304 303
303 304 305
292 299 305
305 299 303
299 298 303
303 298 302
306 231 307
307 231 233
227 293 233
233 293 307
293 292 307
307 292 305
304 306 305
305 306 307
308 309 310
310 309 311
312 313 311
311 313 310
313 314 310
310 314 315
316 308 315
315 308 310
317 318 319
319 318 320
318 321 320
320 321 322
314 313 322
322 313 320
313 312 320
320 312 319
323 300 324
324 300 302
298 325 302
302 325 324
325 314 324
324 314 322
321 323 322
322 323 324
295 326 297
297 326 327
326 316 327
327 316 315
314 325 315
315 325 327
325 298 327
327 298 297
328 329 330
330 329 331
332 333 331
331 333 330
333 334 330
330 334 335
336 328 335
335 328 330
337 338 339
339 338 340
338 341 340
340 341 342
334 333 342
342 333 340
333 332 340
340 332 339
343 300 344
344 300 323
321 345 323
323 345 344
345 334 344
344 334 342
341 343 342
342 343 344
317 346 318
318 346 347
346 336 347
347 336 335
334 345 335
335 345 347
345 321 347
347 321 318
1 245 348
348 245 349
245 250 349
349 250 350
351 352 350
350 352 349
352 353 349
349 353 348
258 231 354
354 231 306
304 355 306
306 355 354
355 351 354
354 351 350
250 258 350
350 258 354
300 343 301
301 343 356
343 341 356
356 341 357
351 355 357
357 355 356
355 304 356
356 304 301
338 337 358
358 337 359
353 352 359
359 352 358
352 351 358
358 351 357
341 338 357
357 338 358
102 360 154
154 360 361
360 362 361
361 362 363
364 365 363
363 365 361
365 155 361
361 155 154
366 367 368
368 367 369
370 371 369
369 371 368
371 364 368
368 364 363
362 366 363
363 366 368
372 373 374
374 373 375
373 376 375
375 376 377
364 371 377
377 371 375
371 370 375
375 370 374
378 159 379
379 159 161
155 365 161
161 365 379
365 364 379
379 364 377
376 378 377
377 378 379
380 381 382
382 381 383
384 385 383
383 385 382
385 386 382
382 386 387
388 380 387
387 380 382
389 390 391
391 390 392
390 393 392
392 393 394
386 385 394
394 385 392
385 384 392
392 384 391
395 372 396
396 372 374
370 397 374
374 397 396
397 386 396
396 386 394
393 395 394
394 395 396
367 398 369
369 398 399
398 388 399
399 388 387
386 397 387
387 397 399
397 370 399
399 370 369
400 309 401
401 309 308
316 402 308
308 402 401
402 403 401
401 403 404
405 400 404
404 400 401
295 406 326
326 406 407
406 408 407
407 408 409
403 402 409
409 402 407
402 316 407
407 316 326
410 372 411
411 372 395
393 412 395
395 412 411
412 403 411
411 403 409
408 410 409
409 410 411
389 413 390
390 413 414
413 405 414
414 405 404
403 412 404
404 412 414
412 393 414
414 393 390
174 173 288
288 173 415
173 181 415
415 181 416
417 418 416
416 418 415
418 290 415
415 290 288
191 159 419
419 159 378
376 420 378
378 420 419
420 417 419
419 417 416
181 191 416
416 191 419
372 410 373
373 410 421
410 408 421
421 408 422
417 420 422
422 420 421
420 376 421
421 376 373
406 295 423
423 295 294
290 418 294
294 418 423
418 417 423
423 417 422
408 406 422
422 406 423
26 424 82
82 424 425
424 426 425
425 426 427
428 429 427
427 429 425
429 83 425
425 83 82
430 431 432
432 431 433
434 435 433
433 435 432
435 428 432
432 428 427
426 430 427
427 430 432
436 437 438
438 437 439
437 440 439
439 440 441
428 435 441
441 435 439
435 434 439
439 434 438
442 87 443
443 87 89
83 429 89
89 429 443
429 428 443
443 428 441
440 442 441
441 442 443
444 445 446
446 445 447
448 449 447
447 449 446
449 450 446
446 450 451
452 444 451
451 444 446
453 454 455
455 454 456
454 457 456
456 457 458
450 449 458
458 449 456
449 448 456
456 448 455
459 436 460
460 436 438
434 461 438
438 461 460
461 450 460
460 450 458
457 459 458
458 459 460
431 462 433
433 462 463
462 452 463
463 452 451
450 461 451
451 461 463
461 434 463
463 434 433
464 381 465
465 381 380
388 466 380
380 466 465
466 467 465
465 467 468
469 464 468
468 464 465
367 470 398
398 470 471
470 472 471
471 472 473
467 466 473
473 466 471
466 388 471
471 388 398
474 436 475
475 436 459
457 476 459
459 476 475
476 467 475
475 467 473
472 474 473
473 474 475
453 477 454
454 477 478
477 469 478
478 469 468
467 476 468
468 476 478
476 457 478
478 457 454
102 101 360
360 101 479
101 109 479
479 109 480
481 482 480
480 482 479
482 362 479
479 362 360
119 87 483
483 87 442
440 484 442
442 484 483
484 481 483
483 481 480
109 119 480
480 119 483
436 474 437
437 474 485
474 472 485
485 472 486
481 484 486
486 484 485
484 440 485
485 440 437
470 367 487
487 367 366
362 482 366
366 482 487
482 481 487
487 481 486
472 470 486
486 470 487
1 348 3
3 348 488
348 353 488
488 353 489
490 491 489
489 491 488
491 4 488
488 4 3
359 337 492
492 337 493
494 495 493
493 495 492
495 490 492
492 490 489
353 359 489
489 359 492
496 497 498
498 497 499
497 500 499
499 500 501
490 495 501
501 495 499
495 494 499
499 494 498
502 9 503
503 9 11
4 491 11
11 491 503
491 490 503
503 490 501
500 502 501
501 502 503
331 329 504
504 329 505
506 507 505
505 507 504
507 508 504
504 508 509
332 331 509
509 331 504
510 511 512
512 511 513
511 514 513
513 514 515
508 507 515
515 507 513
507 506 513
513 506 512
516 496 517
517 496 498
494 518 498
498 518 517
518 508 517
517 508 515
514 516 515
515 516 517
337 339 493
493 339 519
339 332 519
519 332 509
508 518 509
509 518 519
518 494 519
519 494 493
520 445 521
521 445 444
452 522 444
444 522 521
522 523 521
521 523 524
525 520 524
524 520 521
431 526 462
462 526 527
526 528 527
527 528 529
523 522 529
529 522 527
522 452 527
527 452 462
530 496 531
531 496 516
514 532 516
516 532 531
532 523 531
531 523 529
528 530 529
529 530 531
510 533 511
511 533 534
533 525 534
534 525 524
523 532 524
524 532 534
532 514 534
534 514 511
26 25 424
424 25 535
25 33 535
535 33 536
537 538 536
536 538 535
538 426 535
535 426 424
43 9 539
539 9 502
500 540 502
502 540 539
540 537 539
539 537 536
33 43 536
536 43 539
496 530 497
497 530 541
530 528 541
541 528 542
537 540 542
542 540 541
540 500 541
541 500 497
526 431 543
543 431 430
426 538 430
430 538 543
538 537 543
543 537 542
528 526 542
542 526 543
309 544 311
311 544 545
544 546 545
545 546 547
548 549 547
547 549 545
549 312 545
545 312 311
550 551 552
552 551 553
554 555 553
553 555 552
555 548 552
552 548 547
546 550 547
547 550 552
556 557 558
558 557 559
557 560 559
559 560 561
548 555 561
561 555 559
555 554 559
559 554 558
562 317 563
563 317 319
312 549 319
319 549 563
549 548 563
563 548 561
560 562 561
561 562 563
564 565 566
566 565 567
565 568 567
567 568 569
570 571 569
569 571 567
571 572 567
567 572 566
573 574 575
575 574 576
577 578 576
576 578 575
578 570 575
575 570 569
568 573 569
569 573 575
556 558 579
579 558 580
558 554 580
580 554 581
570 578 581
581 578 580
578 577 580
580 577 579
553 551 582
582 551 583
572 571 583
583 571 582
571 570 582
582 570 581
554 553 581
581 553 582
584 585 586
586 585 587
585 588 587
587 588 589
590 591 589
589 591 587
591 592 587
587 592 586
593 594 595
595 594 596
597 598 596
596 598 595
598 590 595
595 590 589
588 593 589
589 593 595
556 579 599
599 579 600
579 577 600
600 577 601
590 598 601
601 598 600
598 597 600
600 597 599
576 574 602
602 574 603
592 591 603
603 591 602
591 590 602
602 590 601
577 576 601
601 576 602
329 328 604
604 328 605
328 336 605
605 336 606
607 608 606
606 608 605
608 609 605
605 609 604
346 317 610
610 317 562
560 611 562
562 611 610
611 607 610
610 607 606
336 346 606
606 346 610
556 599 557
557 599 612
599 597 612
612 597 613
607 611 613
613 611 612
611 560 612
612 560 557
596 594 614
614 594 615
609 608 615
615 608 614
608 607 614
614 607 613
597 596 613
613 596 614
381 616 383
383 616 617
618 619 616
616 619 617
620 621 619
619 621 617
621 384 617
617 384 383
622 623 624
624 623 625
626 627 623
623 627 625
627 620 625
625 620 619
619 618 625
625 618 624
628 629 630
630 629 631
629 632 631
631 632 633
620 627 633
633 627 631
627 626 631
631 626 630
634 389 635
635 389 391
384 621 391
391 621 635
621 620 635
635 620 633
632 634 633
633 634 635
636 637 638
638 637 639
639 640 638
638 640 641
642 643 641
641 643 638
644 636 643
643 636 638
645 646 647
647 646 648
649 650 648
648 650 647
650 642 647
647 642 641
640 645 641
641 645 647
651 628 652
652 628 630
630 626 652
652 626 653
642 650 653
653 650 652
650 649 652
652 649 651
622 654 623
623 654 655
654 644 655
655 644 643
643 642 655
655 642 653
653 626 655
655 626 623
656 564 657
657 564 566
572 658 566
566 658 657
659 660 658
658 660 657
660 661 657
657 661 656
551 662 583
583 662 663
662 664 663
663 664 665
659 658 665
665 658 663
658 572 663
663 572 583
666 628 667
667 628 651
651 649 667
667 649 668
659 665 668
668 665 667
665 664 667
667 664 666
648 646 669
669 646 670
661 660 670
670 660 669
660 659 669
669 659 668
649 648 668
668 648 669
544 309 671
671 309 400
400 405 671
671 405 672
673 674 672
672 674 671
546 544 674
674 544 671
413 389 675
675 389 634
632 676 634
634 676 675
676 673 675
675 673 672
405 413 672
672 413 675
629 628 677
677 628 666
666 664 677
677 664 678
673 676 678
678 676 677
676 632 677
677 632 629
551 550 662
662 550 679
550 546 679
679 546 674
674 673 679
679 673 678
678 664 679
679 664 662
445 680 447
447 680 681
680 682 681
681 682 683
684 685 683
683 685 681
685 448 681
681 448 447
686 687 688
688 687 689
690 691 689
689 691 688
691 684 688
688 684 683
682 686 683
683 686 688
692 693 694
694 693 695
693 696 695
695 696 697
684 691 697
697 691 695
691 690 695
695 690 694
698 453 699
699 453 455
448 685 455
455 685 699
685 684 699
699 684 697
696 698 697
697 698 699
700 701 702
702 701 703
701 704 703
703 704 705
706 707 705
705 707 703
707 708 703
703 708 702
709 710 711
711 710 712
713 714 712
712 714 711
714 706 711
711 706 705
704 709 705
705 709 711
692 694 715
715 694 716
694 690 716
716 690 717
706 714 717
717 714 716
714 713 716
716 713 715
689 687 718
718 687 719
708 707 719
719 707 718
707 706 718
718 706 717
690 689 717
717 689 718
637 636 720
720 636 721
636 644 721
721 644 722
723 724 722
722 724 721
724 725 721
721 725 720
654 622 726
726 622 727
728 729 727
727 729 726
729 723 726
726 723 722
644 654 722
722 654 726
692 715 730
730 715 731
715 713 731
731 713 732
723 729 732
732 729 731
729 728 731
731 728 730
712 710 733
733 710 734
725 724 734
734 724 733
724 723 733
733 723 732
713 712 732
732 712 733
381 464 616
616 464 735
464 469 735
735 469 736
737 738 736
736 738 735
738 618 735
735 618 616
477 453 739
739 453 698
696 740 698
698 740 739
740 737 739
739 737 736
469 477 736
736 477 739
692 730 693
693 730 741
730 728 741
741 728 742
737 740 742
742 740 741
740 696 741
741 696 693
727 622 743
743 622 624
618 738 624
624 738 743
738 737 743
743 737 742
728 727 742
742 727 743
329 604 505
505 604 744
604 609 744
744 609 745
746 747 745
745 747 744
747 506 744
744 506 505
594 748 615
615 748 749
750 751 748
748 751 749
751 746 749
749 746 745
745 609 749
749 609 615
752 753 754
754 753 755
755 756 754
754 756 757
746 751 757
757 751 754
751 750 754
754 750 752
758 510 759
759 510 512
506 747 512
512 747 759
747 746 759
759 746 757
756 758 757
757 758 759
584 760 585
585 760 761
760 762 761
761 762 763
764 765 763
763 765 761
588 585 765
765 585 761
766 767 768
768 767 769
770 771 769
769 771 768
771 764 768
768 764 763
762 766 763
763 766 768
772 753 773
773 753 752
752 750 773
773 750 774
764 771 774
774 771 773
771 770 773
773 770 772
594 593 748
748 593 775
593 588 775
775 588 765
765 764 775
775 764 774
774 750 775
775 750 748
700 702 776
776 702 777
702 708 777
777 708 778
779 780 778
778 780 777
780 781 777
777 781 776
687 782 719
719 782 783
782 784 783
783 784 785
785 779 783
783 779 778
778 708 783
783 708 719
786 753 787
787 753 772
772 770 787
787 770 788
779 785 788
788 785 787
785 784 787
787 784 786
769 767 789
789 767 790
781 780 790
790 780 789
780 779 789
789 779 788
770 769 788
788 769 789
445 520 680
680 520 791
520 525 791
791 525 792
793 794 792
792 794 791
794 682 791
791 682 680
533 510 795
795 510 758
756 796 758
758 796 795
796 793 795
795 793 792
525 533 792
792 533 795
753 786 755
755 786 797
786 784 797
797 784 798
793 796 798
798 796 797
796 756 797
797 756 755
782 687 799
799 687 686
686 682 799
799 682 794
794 793 799
799 793 798
784 782 798
798 782 799
66 800 261
261 800 801
800 802 801
801 802 803
804 805 803
803 805 801
805 262 801
801 262 261
806 807 808
808 807 809
810 811 809
809 811 808
811 804 808
808 804 803
802 806 803
803 806 808
812 813 814
814 813 815
813 816 815
815 816 817
804 811 817
817 811 815
811 810 815
815 810 814
818 266 819
819 266 268
262 805 268
268 805 819
805 804 819
819 804 817
816 818 817
817 818 819
820 584 821
821 584 586
592 822 586
586 822 821
822 823 821
821 823 824
825 820 824
824 820 821
574 826 603
603 826 827
826 828 827
827 828 829
823 822 829
829 822 827
822 592 827
827 592 603
830 812 831
831 812 814
810 832 814
814 832 831
832 823 831
831 823 829
828 830 829
829 830 831
807 833 809
809 833 834
833 825 834
834 825 824
823 832 824
824 832 834
832 810 834
834 810 809
565 564 835
835 564 836
837 838 836
836 838 835
838 839 835
835 839 840
568 565 840
840 565 835
841 842 843
843 842 844
842 845 844
844 845 846
839 838 846
846 838 844
838 837 844
844 837 843
847 812 848
848 812 830
828 849 830
830 849 848
849 839 848
848 839 846
845 847 846
846 847 848
574 573 826
826 573 850
573 568 850
850 568 840
839 849 840
840 849 850
849 828 850
850 828 826
194 276 851
851 276 852
276 281 852
852 281 853
854 855 853
853 855 852
855 856 852
852 856 851
286 266 857
857 266 818
816 858 818
818 858 857
858 854 857
857 854 853
281 286 853
853 286 857
812 847 813
813 847 859
847 845 859
859 845 860
854 858 860
860 858 859
858 816 859
859 816 813
842 841 861
861 841 862
856 855 862
862 855 861
855 854 861
861 854 860
845 842 860
860 842 861
46 863 48
48 863 864
863 865 864
864 865 866
867 868 866
866 868 864
868 49 864
864 49 48
869 870 871
871 870 872
873 874 872
872 874 871
874 867 871
871 867 866
865 869 866
866 869 871
875 876 877
877 876 878
876 879 878
878 879 880
867 874 880
880 874 878
874 873 878
878 873 877
881 54 882
882 54 56
49 868 56
56 868 882
868 867 882
882 867 880
879 881 880
880 881 882
883 700 884
884 700 776
781 885 776
776 885 884
885 886 884
884 886 887
888 883 887
887 883 884
767 889 790
790 889 890
889 891 890
890 891 892
886 885 892
892 885 890
885 781 890
890 781 790
893 875 894
894 875 877
873 895 877
877 895 894
895 886 894
894 886 892
891 893 892
892 893 894
870 896 872
872 896 897
896 888 897
897 888 887
886 895 887
887 895 897
895 873 897
897 873 872
760 584 898
898 584 820
825 899 820
820 899 898
899 900 898
898 900 901
762 760 901
901 760 898
807 902 833
833 902 903
902 904 903
903 904 905
900 899 905
905 899 903
899 825 903
903 825 833
906 875 907
907 875 893
891 908 893
893 908 907
908 900 907
907 900 905
904 906 905
905 906 907
767 766 889
889 766 909
766 762 909
909 762 901
900 908 901
901 908 909
908 891 909
909 891 889
66 65 800
800 65 910
65 73 910
910 73 911
912 913 911
911 913 910
913 802 910
910 802 800
79 54 914
914 54 881
879 915 881
881 915 914
915 912 914
914 912 911
73 79 911
911 79 914
875 906 876
876 906 916
906 904 916
916 904 917
912 915 917
917 915 916
915 879 916
916 879 876
902 807 918
918 807 806
802 913 806
806 913 918
913 912 918
918 912 917
904 902 917
917 902 918
122 919 124
124 919 920
919 921 920
920 921 922
923 924 922
922 924 920
924 125 920
920 125 124
925 926 927
927 926 928
929 930 928
928 930 927
930 923 927
927 923 922
921 925 922
922 925 927
931 932 933
933 932 934
932 935 934
934 935 936
923 930 936
936 930 934
930 929 934
934 929 933
937 130 938
938 130 132
125 924 132
132 924 938
924 923 938
938 923 936
935 937 936
936 937 938
939 637 940
940 637 720
725 941 720
720 941 940
941 942 940
940 942 943
944 939 943
943 939 940
710 945 734
734 945 946
945 947 946
946 947 948
942 941 948
948 941 946
941 725 946
946 725 734
949 931 950
950 931 933
929 951 933
933 951 950
951 942 950
950 942 948
947 949 948
948 949 950
926 952 928
928 952 953
952 944 953
953 944 943
942 951 943
943 951 953
951 929 953
953 929 928
701 700 954
954 700 883
888 955 883
883 955 954
955 956 954
954 956 957
704 701 957
957 701 954
870 958 896
896 958 959
958 960 959
959 960 961
956 955 961
961 955 959
955 888 959
959 888 896
962 931 963
963 931 949
947 964 949
949 964 963
964 956 963
963 956 961
960 962 961
961 962 963
710 709 945
945 709 965
709 704 965
965 704 957
956 964 957
957 964 965
964 947 965
965 947 945
46 141 863
863 141 966
141 146 966
966 146 967
968 969 967
967 969 966
969 865 966
966 865 863
151 130 970
970 130 937
935 971 937
937 971 970
971 968 970
970 968 967
146 151 967
967 151 970
931 962 932
932 962 972
962 960 972
972 960 973
968 971 973
973 971 972
971 935 972
972 935 932
958 870 974
974 870 869
865 969 869
869 969 974
969 968 974
974 968 973
960 958 973
973 958 974
194 851 196
196 851 975
851 856 975
975 856 976
977 978 976
976 978 975
978 197 975
975 197 196
862 841 979
979 841 980
981 982 980
980 982 979
982 977 979
979 977 976
856 862 976
976 862 979
983 984 985
985 984 986
984 987 986
986 987 988
977 982 988
988 982 986
982 981 986
986 981 985
989 202 990
990 202 204
197 978 204
204 978 990
978 977 990
990 977 988
987 989 988
988 989 990
836 564 991
991 564 656
661 992 656
656 992 991
992 993 991
991 993 994
837 836 994
994 836 991
646 995 670
670 995 996
995 997 996
996 997 998
993 992 998
998 992 996
992 661 996
996 661 670
999 983 1000
1000 983 985
981 1001 985
985 1001 1000
1001 993 1000
1000 993 998
997 999 998
998 999 1000
841 843 980
980 843 1002
843 837 1002
1002 837 994
993 1001 994
994 1001 1002
1001 981 1002
1002 981 980
639 637 1003
1003 637 939
944 1004 939
939 1004 1003
1004 1005 1003
1003 1005 1006
640 639 1006
1006 639 1003
926 1007 952
952 1007 1008
1007 1009 1008
1008 1009 1010
1005 1004 1010
1010 1004 1008
1004 944 1008
1008 944 952
1011 983 1012
1012 983 999
997 1013 999
999 1013 1012
1013 1005 1012
1012 1005 1010
1009 1011 1010
1010 1011 1012
646 645 995
995 645 1014
645 640 1014
1014 640 1006
1005 1013 1006
1006 1013 1014
1013 997 1014
1014 997 995
122 213 919
919 213 1015
213 218 1015
1015 218 1016
1017 1018 1016
1016 1018 1015
1018 921 1015
1015 921 919
223 202 1019
1019 202 989
987 1020 989
989 1020 1019
1020 1017 1019
1019 1017 1016
218 223 1016
1016 223 1019
983 1011 984
984 1011 1021
1011 1009 1021
1021 1009 1022
1017 1020 1022
1022 1020 1021
1020 987 1021
1021 987 984
1007 926 1023
1023 926 925
921 1018 925
925 1018 1023
1018 1017 1023
1023 1017 1022
1009 1007 1022
1022 1007 1023
