802
-177.836685 -35.907326 72.211220
-171.343369 -1.723795 61.840717
-189.626755 -26.386253 37.352806
-185.633224 4.774265 26.130854
-162.978149 33.168736 51.152225
-179.185226 35.418636 16.299068
-191.038315 38.722759 -14.138612
-195.653137 11.313544 -4.649654
-197.418213 -18.526375 7.023362
-154.643600 64.210129 41.740593
-171.717010 64.905083 8.636514
-144.720963 93.705231 30.671024
-163.277161 94.306313 -0.241556
-176.401154 94.762085 -28.944956
-184.889618 66.316788 -21.570168
-117.451874 63.304211 96.333282
-111.287209 83.394890 78.196632
-136.918655 63.717945 72.041656
-121.911880 93.275314 56.433411
-145.009125 30.398643 88.123840
-124.602425 27.228077 119.424294
-195.017700 -53.412567 21.007095
-189.731430 -57.421196 49.185928
-189.184250 -91.014084 36.025726
-185.530182 -89.939903 63.808872
-178.510498 -92.389374 92.149559
-180.555450 -64.821754 80.668839
-199.673325 20.023727 -30.863176
-195.945389 44.655544 -37.863857
-196.697235 50.321659 -57.336452
-200.114883 28.293530 -53.253857
-200.830872 -2.419180 -46.069252
-200.631592 -10.211050 -21.072432
-190.912216 68.959328 -43.178989
-182.913651 94.756073 -48.079758
-185.100204 94.578400 -62.668320
-192.424179 71.402763 -60.173824
-150.460068 152.498260 -47.231174
-155.467789 151.113083 -58.980927
-164.766983 124.725021 -38.263584
-170.289612 123.866806 -53.837353
-157.239426 150.328659 -68.833145
-172.529800 122.890060 -65.722328
-122.718987 184.969330 -58.654736
-124.855385 185.919205 -64.202858
-133.953415 174.374481 -53.552811
-140.875961 171.316528 -62.039730
-124.998169 185.545456 -73.381798
-141.755539 170.885101 -71.498230
-197.355774 -51.323772 -7.387092
-196.998978 -49.554024 -33.925930
-189.237518 -99.416512 -20.993612
-190.628006 -95.272194 7.071030
-180.650574 -128.999908 50.803425
-181.230438 -134.014130 19.180138
-178.164902 -138.312225 -11.442052
-167.933472 -165.493790 -6.318715
-172.325058 -162.943359 27.151192
-172.682571 -159.126312 61.419113
-199.398819 33.511608 -72.565781
-196.084625 52.825741 -75.016235
-190.544434 54.988113 -91.329803
-193.667694 36.958954 -89.788727
-193.071228 8.087615 -85.070801
-199.580002 3.870350 -67.101746
-192.064941 72.217255 -76.538528
-185.246338 94.519165 -77.732925
-180.350433 96.414497 -92.444588
-186.631989 74.163261 -92.129669
-173.535263 122.564468 -79.199654
-158.510986 150.141815 -80.754478
-156.218887 150.445389 -92.333481
-170.119843 123.671875 -92.530952
-141.752716 171.039856 -82.213120
-123.732948 185.617355 -82.916496
-120.689125 185.587326 -90.712181
-138.926270 171.244904 -91.796967
-194.200500 -46.502636 -56.538708
-185.824509 -43.614071 -74.740509
-174.645477 -98.379250 -65.337639
-184.388809 -100.149368 -46.106598
-167.073883 -177.453690 29.195227
-162.695587 -180.213745 -6.671153
-159.707962 -187.895782 -10.027869
-163.547104 -184.324432 28.180567
-165.194748 -178.191467 67.693977
-168.546173 -173.149521 63.951714
-155.418762 -188.265839 -40.896072
-136.112244 -186.116669 -61.681984
-152.226608 -194.174210 -42.581940
-134.595230 -192.044922 -59.943840
-130.788361 -196.529968 -58.361198
-147.755829 -198.613220 -44.401653
-152.636047 -198.692444 -18.763678
-156.227341 -193.963425 -13.917432
-91.965080 93.374229 79.822586
-95.152885 62.844608 111.409042
-101.082283 23.776817 137.263840
-75.825836 19.119949 144.523285
-69.978264 61.367641 117.301552
-72.919800 83.234856 93.758675
-50.210220 12.332540 144.083328
-41.884457 57.901798 114.043365
-32.398239 9.497479 142.596298
-27.947378 34.364796 125.366081
-24.619486 43.167679 115.745384
-27.870296 56.614292 108.683113
-28.078339 69.238014 96.856407
-33.243652 78.019539 92.079620
-42.750252 100.687103 70.973534
-59.300266 93.397797 80.980164
-107.921608 193.332062 -57.830414
-87.106682 202.670563 -62.490723
-105.747337 196.363190 -66.659378
-87.159355 202.498856 -68.590790
-87.492470 200.633820 -74.380447
-105.887283 195.295822 -74.148178
-87.300484 198.413254 -81.032196
-104.924164 194.233124 -82.205460
-88.539001 195.649643 -87.138535
-103.954559 192.989563 -88.869934
-93.163559 192.155365 -91.291916
-104.074989 191.379608 -92.180389
-102.903030 184.724640 -95.257797
-115.496094 184.907806 -94.674080
-147.299652 151.132156 -101.158737
-131.335083 170.964325 -97.862206
-115.212990 170.622986 -100.544975
-127.016052 151.803909 -106.215889
-59.311630 170.617691 -97.857437
-56.094349 152.059601 -104.411285
-86.793701 170.645645 -99.981308
-90.630859 152.062469 -106.490463
-82.265121 184.815643 -93.992088
-61.895630 184.590652 -91.883156
-62.087124 192.143158 -87.728188
-77.522552 192.597031 -89.652702
-73.926163 196.662262 -85.569511
-61.426571 195.937546 -84.118843
-61.454372 198.636154 -79.781487
-72.836052 199.683914 -80.348900
-72.883308 202.057007 -74.661644
-61.776649 200.785873 -74.736488
-61.999413 202.933548 -69.004326
-72.698967 204.176544 -69.178444
-72.245903 205.653336 -63.739086
-62.084904 204.705765 -63.301552
-55.369373 202.253143 -62.904099
-54.693794 200.307205 -68.650360
-51.354206 198.955124 -61.758724
-50.171150 196.888153 -67.463165
-48.887138 194.648758 -73.195480
-53.889320 198.040985 -74.349686
-53.079002 195.861160 -78.955765
-47.795616 192.727066 -77.534698
-46.753002 190.416626 -80.535690
-52.350735 193.385666 -82.742554
-51.792309 190.232422 -85.983978
-45.874203 187.821320 -83.663300
-44.279903 181.798996 -87.761765
-50.107754 183.459366 -89.937271
-48.738716 -59.745026 165.841934
-52.867134 -76.875999 167.828720
-44.746777 -63.320637 163.790741
-51.541801 -81.666801 166.423462
-51.948071 -82.017624 162.569351
-45.250103 -63.646076 159.339935
-38.750072 -41.522366 153.654877
-38.007565 -41.171772 158.981384
-40.791424 -41.127434 160.627716
-38.595043 -24.098217 156.235153
-31.172270 -15.905500 149.897995
-32.348129 -16.583290 143.965607
-26.840244 7.003115 131.360428
-25.485476 8.004214 137.870224
-22.191765 26.083382 124.227577
-23.022257 25.068951 116.927696
-21.517241 40.307343 102.908394
-21.240414 41.207165 111.086617
-22.580732 56.250782 100.563774
-22.948397 55.411472 91.543526
-26.401709 70.144119 80.158150
-25.771700 70.930748 90.056465
-30.372229 84.963593 76.962097
-30.963266 84.268044 66.077301
-36.940643 102.023338 48.131050
-36.908108 102.945503 59.505207
-131.591553 123.958862 15.008666
-153.914261 124.695023 -13.719850
-124.750702 154.190536 -8.980086
-139.480347 154.487335 -29.617247
-78.049652 180.745041 -11.476927
-85.192093 165.063110 3.700283
-67.232468 179.808640 -5.276663
-75.748619 156.588333 17.292757
-60.524532 157.660660 18.112518
-59.553177 177.877090 -3.458020
-57.235130 190.437698 -20.254438
-62.860359 193.522690 -22.197987
-68.675774 198.538132 -31.408422
-84.034225 198.791595 -45.903351
-88.139999 199.811111 -54.907753
-105.893196 180.636353 -30.721460
-115.827415 182.099304 -45.752613
-61.325607 205.972336 -52.357994
-61.995396 205.729111 -58.344666
-70.660004 205.700424 -52.293293
-71.486862 206.098251 -58.183308
-60.597759 201.416916 -36.728142
-64.999008 204.427155 -43.768105
-60.828182 203.588120 -42.524170
-54.678539 200.350739 -40.727535
-57.404846 203.943924 -46.811646
-52.142841 200.359589 -57.503117
-55.792957 203.472137 -58.157196
-55.785248 203.860886 -53.885574
-52.504395 200.565445 -53.115505
-59.382275 198.893768 -31.097694
-55.382671 196.633575 -31.377222
-52.869400 200.460373 -47.780445
-55.167038 203.316086 -49.565155
-70.003403 204.649078 -45.851269
-77.957047 197.905121 -37.187679
-58.336823 128.497269 43.557770
-45.905048 129.472672 35.910404
-44.641350 127.650131 25.149403
-50.909103 153.425034 2.142060
-53.266964 156.262848 11.487827
-91.658859 122.698486 43.136806
-100.636421 154.836166 7.068002
-92.118584 180.602936 -19.627382
-54.897892 175.033737 -8.452410
-52.587650 171.624664 -15.881312
-52.014870 183.007523 -28.718729
-53.771645 186.868927 -23.572168
-52.862057 192.852036 -33.533375
-51.528683 188.332062 -36.168255
-50.889034 190.188248 -41.221539
-52.024273 195.206528 -40.626705
-51.113480 196.155899 -47.142941
-49.855927 191.166077 -46.870274
-48.592941 191.776978 -53.917873
-50.438568 196.596252 -52.537205
-50.308460 197.423721 -56.264576
-49.294331 195.471313 -59.077396
-47.820423 193.266998 -64.789398
-46.575550 189.282883 -61.798374
-44.726952 187.168182 -70.131409
-46.435905 191.435623 -70.968155
-45.689873 190.602005 -75.181137
-44.687752 188.440460 -76.593384
-167.410965 102.100502 -105.974281
-159.097412 126.994156 -103.977684
-135.234909 130.220856 -111.332932
-140.851303 107.580566 -115.194412
-176.513550 59.629131 -106.703911
-172.922760 80.001305 -106.803780
-144.847015 85.589752 -117.098633
-147.517273 63.916401 -117.599976
-50.040718 64.641998 -119.016632
-97.080948 65.017570 -120.479507
-51.149422 86.022575 -117.868546
-96.314430 86.786980 -119.551910
-95.094887 108.858055 -116.977371
-52.525364 108.228172 -114.977615
-54.002964 130.751831 -110.304932
-93.299141 131.041580 -112.389694
-46.001129 170.124435 -95.859604
-41.090851 169.207596 -93.675354
-37.481079 151.600876 -100.118393
-41.356812 151.947174 -102.407028
-38.059238 130.647049 -108.235580
-34.624592 130.532593 -105.805168
-32.164967 107.921585 -110.250526
-35.526432 107.986061 -112.849632
-33.176338 85.726105 -115.753487
-29.745733 85.686676 -112.969444
-27.610891 64.501793 -113.926201
-31.232763 64.499001 -116.885414
-49.364906 44.593399 -118.460678
-29.919394 44.936527 -116.183540
-26.004309 45.040802 -113.085197
-25.677555 18.701900 -107.497704
-29.844364 18.386929 -110.681679
-49.162418 17.130440 -112.965652
-177.496811 9.662765 -100.877251
-179.063934 39.916534 -105.912392
-149.157318 42.228500 -117.252899
-147.148209 10.872560 -111.639801
-97.517601 43.739105 -120.126434
-96.316910 13.993714 -114.477158
-43.606651 -179.345932 -69.327698
-46.592400 -185.535156 -67.250580
-87.221184 -182.130325 -69.643555
-90.115623 -188.653259 -66.928970
-46.196033 -190.550339 -63.380375
-91.142708 -193.579620 -64.158890
-160.194382 -166.036942 -39.495926
-171.273361 -139.611954 -41.035496
-162.252121 -136.441116 -63.401939
-139.770645 -162.248138 -68.290939
-152.797577 -127.327492 -72.343048
-158.571198 -95.014809 -75.756386
-130.916260 -93.166031 -80.994591
-129.873993 -132.572510 -75.226677
-85.374855 -158.968384 -74.795151
-132.959381 -178.226837 -63.549438
-76.593376 -172.883759 -72.127052
-55.434166 -146.470779 -75.667282
-40.671715 -154.275574 -73.915756
-28.681129 -153.657776 -71.395317
-38.764595 -171.406601 -70.389282
-156.492096 -180.570816 -39.658424
-168.735092 -42.332859 -88.046501
-138.871109 -39.805000 -96.342987
-49.473724 -26.493267 -99.296387
-49.255657 -76.017868 -85.123550
-92.171402 -33.176441 -99.516251
-88.220238 -84.878975 -84.171417
-32.794979 -72.447006 -83.687569
-31.615845 -23.801575 -97.413567
-27.382172 -23.116795 -94.214973
-28.704996 -71.545639 -80.564125
-47.465050 -121.183502 -78.117889
-87.602608 -128.221527 -77.370499
-30.942926 -118.367485 -76.812126
-27.232948 -117.715057 -73.872246
-43.568859 185.866364 -80.009338
-42.817360 183.378174 -76.188019
-40.817898 177.495605 -81.739929
-41.790401 179.986816 -84.963974
-38.809536 167.908829 -90.992233
-37.870571 166.071365 -87.271362
-34.698273 149.878113 -92.465218
-35.530029 150.896484 -97.185966
-32.855682 130.213730 -102.637123
-32.023956 129.688538 -97.004280
-29.689943 107.572884 -100.396797
-30.507908 107.824661 -106.837532
-28.208103 85.693405 -109.279106
-27.538576 85.601311 -102.150917
-25.624117 64.587891 -102.320427
-26.128941 64.563530 -109.979408
-24.442951 45.178566 -108.955925
-24.000841 45.346638 -100.959053
-23.480011 19.467426 -95.413307
-23.976793 19.014080 -103.286263
-25.557066 -22.454380 -90.047859
-24.872906 -21.459927 -83.029671
-26.081322 -69.129700 -70.108131
-26.852533 -70.692955 -76.453835
-25.531881 -117.167801 -69.717293
-25.007145 -115.236244 -62.948605
-24.007420 -151.401642 -59.854687
-24.312780 -153.412598 -67.258354
-45.370365 184.774811 -59.659458
-47.319687 186.236649 -52.204983
-46.501450 181.821518 -51.186794
-44.416309 180.361465 -58.323696
-42.290028 177.687012 -65.633286
-43.389412 182.330994 -67.170532
-41.560722 179.367371 -73.365158
-40.169334 174.031357 -71.514359
-38.838402 170.362946 -75.290131
-39.541130 173.798340 -78.285599
-49.053421 186.254364 -46.180080
-50.375744 185.302719 -41.451015
-50.091579 181.057114 -41.961140
-48.498871 181.833862 -45.823902
-51.090816 183.856461 -37.884060
-51.509686 179.044556 -32.261669
-51.353008 175.546509 -35.305264
-50.962688 180.149902 -39.324558
-50.384109 150.177261 -5.201385
-51.943459 167.995972 -21.366251
-50.405323 146.569504 -11.841315
-51.774467 164.414291 -26.297716
-38.014713 99.770958 38.406895
-44.823666 125.054993 16.229414
-39.589439 96.700607 30.337679
-45.423824 121.828461 8.524619
-28.732353 66.867363 71.738274
-32.709789 81.466957 56.811806
-33.197582 62.614323 64.610527
-35.661728 77.695419 49.135494
-25.514679 38.377445 95.126976
-25.905811 52.696564 83.480499
-32.832035 36.033710 88.026115
-31.753912 49.258743 76.455215
-33.830849 5.644580 124.522346
-28.843410 23.332909 109.766228
-43.769188 4.123895 117.077576
-37.933212 21.344238 102.679718
-43.291489 -40.458584 145.970215
-38.415760 -16.605896 136.519440
-50.003803 -39.036297 136.605591
-47.051746 -16.693764 127.881287
-55.659679 -81.806274 157.758362
-49.151379 -62.953480 153.087433
-60.688782 -79.130135 150.752396
-54.848221 -60.831299 144.765259
-59.074196 -83.942375 169.765015
-66.879219 -98.189468 172.458115
-58.544563 -95.525024 168.976898
-66.684639 -105.548676 171.185562
-66.803886 -105.673927 166.326157
-58.943626 -95.700066 164.891785
-25.439228 -169.248032 -59.129871
-25.912939 -170.961121 -66.497078
-28.104694 -176.987183 -59.168659
-28.897116 -178.377701 -66.072044
-62.480526 -94.732552 159.870300
-69.685875 -103.778061 160.554840
-72.540771 -99.073151 153.349792
-66.629211 -90.984276 152.959137
-49.686150 142.651642 -19.076534
-50.889828 161.146210 -32.066174
-49.335213 138.572708 -26.523003
-49.912212 158.219620 -37.762859
-49.513855 171.779694 -42.711788
-50.641613 173.079849 -38.953815
-36.987438 163.538345 -81.973953
-37.066353 163.105270 -76.089905
-34.848457 149.753952 -76.575569
-34.180431 148.589813 -84.811501
-31.400875 128.955139 -87.179405
-32.124428 130.228622 -76.791649
-29.413843 107.816933 -76.484306
-28.845793 107.043846 -88.714439
-26.712217 85.265427 -89.053368
-27.236259 85.806580 -75.399605
-25.502480 65.028275 -73.568001
-24.933607 64.478523 -88.224922
-23.443539 45.541832 -86.257957
-24.123283 46.312790 -71.019966
-23.670340 21.516232 -66.407722
-22.925226 20.205830 -81.244835
-50.558483 177.936996 -41.133495
-49.643723 177.958542 -43.397877
-45.954803 178.167496 -51.150990
-43.924732 176.661530 -57.742100
-46.295578 170.148376 -50.533581
-43.946384 167.902054 -57.002674
-41.044636 163.508362 -64.040161
-41.681934 173.296112 -64.752762
-47.985153 178.317627 -46.553310
-48.108292 171.121735 -46.170841
-39.013512 167.567596 -70.609100
-37.574257 156.092911 -70.108124
-49.464245 155.662323 -42.479038
-50.461117 134.481720 -33.796665
-50.028240 129.681763 -41.862705
-48.139648 152.637955 -47.770573
-44.532063 148.310104 -55.193340
-45.000900 123.475784 -51.686359
-38.296528 117.020264 -61.216011
-39.857655 142.673813 -63.006744
-35.332573 135.724075 -69.470146
-32.832451 111.471519 -68.400063
-65.047501 -72.086555 140.313461
-60.738270 -56.867905 134.105469
-68.055290 -65.951302 125.082863
-65.729317 -54.026051 119.658333
-63.934338 -38.974045 112.946877
-57.259056 -38.311375 126.239258
-40.231365 58.898853 58.588558
-39.869049 74.088516 43.018345
-48.009399 55.639641 51.297779
-45.076969 70.763580 35.071140
-43.831020 89.873123 15.403858
-41.124016 93.324516 23.928297
-43.068668 33.892353 81.889542
-40.793587 46.250732 70.548225
-53.930885 31.321865 73.977013
-50.620647 43.336159 63.343857
-53.967236 2.636390 108.747757
-48.569534 19.571930 95.604660
-63.150055 0.185585 97.275719
-58.960300 17.065414 85.964851
-55.932884 -17.567320 118.372971
-63.941326 -19.698864 105.877846
-45.413635 118.111641 1.409144
-46.279301 114.133347 -6.964139
-30.617971 88.345612 -66.602837
-36.536762 92.775497 -58.231476
-34.853886 70.566368 -54.991081
-28.775732 67.029938 -64.224831
-48.923065 86.576843 0.989430
-49.506981 110.122330 -18.442425
-53.567661 77.847633 -17.854467
-50.502590 105.325371 -31.810680
-44.672073 98.989273 -45.853886
-43.837475 75.720459 -40.662502
-54.707401 52.755394 40.363655
-51.030663 67.838005 21.904709
-60.132286 49.573235 28.059769
-56.636883 63.897213 9.891303
-64.090965 45.420200 16.659771
-60.802368 57.526699 5.403168
-64.326706 42.973221 2.651872
-60.396427 58.514034 -6.271614
-60.088596 39.012634 -11.108040
-58.312061 53.060699 -14.374135
-52.152687 37.576370 -25.145021
-52.086189 56.106544 -25.131857
-63.124981 27.690647 61.548290
-58.830917 40.178688 52.426487
-69.354630 23.385231 46.673935
-64.807419 36.666225 39.172607
-71.323448 18.792110 31.424526
-67.933250 32.686745 24.958731
-69.260429 14.310546 15.232190
-67.271408 28.638680 9.621290
-63.394516 10.339805 -2.470931
-61.884953 24.920479 -7.003284
-54.568855 6.960139 -19.455206
-53.203453 21.767136 -23.028284
-24.061974 -19.779011 -71.277946
-24.715260 -17.505295 -58.383549
-25.431656 -62.520958 -49.518818
-25.235157 -66.096626 -60.278439
-27.073275 23.685532 -56.528843
-27.392368 48.208099 -61.412426
-33.523392 51.019653 -52.432823
-32.905075 31.632080 -49.605370
-27.788404 -59.329887 -40.383266
-28.423782 -14.732395 -47.937290
-33.358719 9.900350 -45.557419
-36.636822 1.110020 -40.642433
-34.340160 -13.298531 -40.954659
-36.953777 -26.279320 -34.906342
-33.261196 -36.043571 -36.760521
-32.152721 -59.919567 -32.139969
-42.788982 54.539326 -39.078693
-42.178204 35.689262 -38.560791
-43.626659 4.251800 -33.490978
-42.656658 19.413635 -36.567028
-70.042778 -4.224970 80.404305
-67.313454 12.874116 71.184113
-73.839577 -9.256270 61.232376
-72.466232 7.939264 54.007881
-73.734695 -13.569325 42.858772
-73.255859 3.202085 37.181664
-70.323143 -17.405935 24.765457
-70.323601 -1.211051 20.080132
-64.199905 -21.007931 6.434403
-64.310806 -5.173780 2.077924
-55.529179 -24.171535 -10.929480
-55.579182 -8.563315 -15.099356
-44.490471 -11.256866 -29.726103
-44.475182 -26.692974 -26.121271
-68.906860 -41.714546 94.804131
-69.959320 -23.560631 88.279236
-71.422646 -45.019703 74.402733
-73.171944 -27.785919 68.405373
-72.764267 -31.008083 49.084446
-70.727676 -47.376251 54.334419
-66.909172 -49.627182 34.186131
-69.121254 -33.753925 29.888510
-62.627895 -36.550240 10.389588
-60.054241 -52.615482 13.544914
-51.063354 -55.754757 -5.428275
-53.713627 -39.232754 -7.914328
-42.807961 -41.637104 -23.525282
-40.836952 -58.458656 -20.572424
-68.729080 -55.268444 99.974159
-69.031647 -66.000160 103.701927
-68.153954 -69.212677 80.100716
-69.550896 -58.327572 78.100342
-68.008102 -60.935875 57.084335
-65.599625 -72.568466 58.209270
-60.953251 -77.714127 37.268673
-63.878147 -64.397934 36.395149
-56.938473 -70.018333 15.501769
-53.799404 -86.296310 16.519997
-45.938370 -94.787498 -0.810944
-48.509216 -75.745293 -2.845665
-39.910435 -79.527054 -15.897033
-39.170399 -99.660156 -11.498355
-35.027134 -99.661377 -17.514633
-32.868629 -86.082703 -24.347643
-24.205780 -145.486572 -47.534092
-24.826281 -110.430954 -52.167484
-25.892805 -104.734962 -39.955158
-25.585552 -137.610092 -34.197803
-28.824440 -129.714920 -23.747076
-29.110392 -100.131233 -28.892839
-33.466953 -111.828758 -17.103321
-32.697666 -126.802193 -15.198892
-68.863586 -82.817017 143.205078
-72.578674 -90.771309 144.189117
-71.285698 -84.034782 129.800262
-69.641350 -75.846260 128.291061
-69.420227 -75.687531 105.900093
-70.147903 -84.025940 106.910652
-68.187630 -87.676895 81.303802
-67.828987 -79.178162 81.006401
-64.496353 -83.155525 58.584244
-64.427246 -91.919846 58.763329
-58.430058 -98.321274 37.898418
-59.059574 -89.223724 37.559853
-51.155865 -98.986893 16.859400
-49.759365 -108.447670 17.318340
-39.825592 -121.069016 -1.687533
-43.238037 -108.464439 0.031378
-37.758945 -113.675781 -9.375725
-35.932468 -123.532883 -9.236855
-25.102795 -156.051819 -33.789158
-24.744202 -163.968033 -46.967213
-25.263699 -165.940231 -35.414211
-26.241531 -172.935883 -47.909733
-31.254797 -137.383102 -15.713675
-27.789803 -146.430206 -23.375769
-30.577887 -144.402756 -16.156984
-27.127281 -155.716629 -24.801067
-34.361118 -134.136215 -9.568624
-33.947361 -131.190399 -10.789506
-30.806080 -182.830795 -58.365479
-31.830069 -184.226624 -64.621803
-32.797977 -186.808975 -54.904396
-34.447392 -188.430222 -60.265923
-76.584915 -97.661484 144.674408
-78.294693 -106.076248 153.888687
-85.696213 -112.492043 153.026672
-81.945313 -104.024452 144.431015
-77.877403 -97.348495 130.266525
-73.786507 -90.840775 130.127762
-71.467682 -90.710724 107.075569
-74.507263 -97.145073 107.286644
-71.178001 -100.371803 81.656136
-68.841545 -94.161743 81.479347
-65.121262 -98.084267 59.300541
-67.232727 -103.986382 59.539703
-61.402134 -110.228905 39.410210
-59.297657 -104.401398 38.914143
-50.361519 -115.036240 18.695145
-52.416954 -121.339447 19.740482
-43.297852 -134.333847 3.329607
-41.304611 -127.521385 1.898801
-35.118687 -139.389389 -8.219627
-37.065495 -146.227951 -7.023365
-32.928852 -157.622772 -15.091084
-30.953238 -151.075211 -15.815737
-26.887417 -173.155441 -35.757862
-28.497696 -179.450775 -47.804417
-29.108868 -178.576492 -35.202129
-30.503983 -183.853302 -46.272385
-27.957710 -163.013718 -25.045053
-30.096901 -169.119324 -24.646189
-97.267456 -137.214539 79.168930
-88.405083 -125.955200 80.423233
-103.534279 -131.202957 110.193924
-94.048119 -121.240555 109.889435
-83.010048 -116.726753 81.755470
-87.463203 -112.940987 109.608032
-89.338264 -111.016716 126.436646
-95.297241 -116.296822 134.053406
-104.586792 -125.056381 136.815872
-96.550507 -118.819092 149.214584
-89.722870 -110.397179 143.228973
-84.291969 -104.642273 131.209534
-80.394348 -104.732162 108.435616
-76.584267 -108.046211 81.957314
-143.725708 -65.978256 149.585907
-134.238052 -20.338631 138.144211
-162.627411 -49.206295 113.893944
-154.513229 -10.310350 102.842377
-166.548203 -77.086479 118.975258
-166.969864 -98.702164 122.776909
-156.908722 -107.883476 142.258682
-150.432297 -96.273125 150.842270
-62.588917 -194.451721 -60.166725
-96.168350 -198.036469 -61.508816
-78.711212 -195.558853 -55.423374
-95.368271 -198.887466 -57.243313
-114.097214 -201.320328 -54.079880
-119.483154 -201.869675 -56.319370
-129.498627 -202.113770 -54.087639
-127.071732 -200.089996 -56.960217
-159.814972 -190.334885 26.975571
-156.020050 -195.630692 22.069324
-157.657455 -189.320389 70.602493
-161.835754 -184.040070 68.384575
-152.581024 -197.775665 41.388996
-152.304840 -200.357544 9.950989
-149.316483 -202.358673 -24.990419
-146.195496 -204.487595 -30.026417
-148.879288 -203.412247 -1.707988
-149.474594 -200.940216 22.278362
-142.846619 -201.900116 -46.040760
-138.262863 -203.787567 -47.127258
-176.605865 -125.551796 83.400261
-168.319397 -154.783112 96.990334
-158.036850 -155.166428 137.757401
-170.712540 -122.532455 111.589394
-164.586700 -118.804596 129.989532
-152.158798 -127.845169 149.455795
-166.031586 -168.160202 93.609337
-162.909424 -170.136688 102.477135
-161.135910 -175.830414 98.597115
-157.911728 -174.624115 109.084183
-109.613136 -31.161926 156.754623
-120.858246 -85.918434 166.472107
-94.134483 -103.043373 175.069260
-83.390785 -41.653633 163.922211
-58.323326 -50.687157 164.895538
-73.159294 -96.086113 173.744278
-76.891655 -112.391243 172.783951
-94.119423 -121.074059 170.632080
-90.492928 -120.888107 164.689102
-76.095924 -112.919662 166.891449
-148.278625 -159.025604 137.963333
-139.621490 -152.381821 141.597275
-144.243393 -150.886520 151.034897
-123.321800 -136.618347 161.590088
-131.151566 -145.921417 141.534744
-113.668121 -133.030060 157.820633
-115.729370 -125.248047 169.817734
-119.970901 -128.251205 168.008362
-125.766510 -130.661713 165.806412
-130.966858 -134.781158 162.249390
-135.208405 -137.784348 160.440033
-144.799149 -147.648895 153.733627
-150.042053 -185.610489 79.734116
-143.126251 -178.264175 79.750809
-150.379486 -172.369446 111.281662
-144.681076 -166.734589 111.918793
-131.758362 -166.821960 79.675972
-135.108353 -157.391296 112.411575
-118.005775 -135.872116 139.625275
-119.306885 -144.400284 111.435616
-114.095329 -151.987778 79.200920
-104.638298 -126.730179 153.886963
-88.115318 -118.070358 159.299988
-77.347649 -110.988487 160.943710
-149.076035 -147.830109 152.473511
-134.930405 -124.439514 163.007080
-152.666824 -156.105988 147.593811
-153.383484 -161.345032 137.683090
-154.557983 -174.234863 111.824600
-154.348785 -188.156738 79.934540
-146.762482 -193.441223 52.064880
-150.914398 -196.491974 51.929146
-147.150620 -201.062881 24.606316
-142.842178 -197.694748 24.934681
-140.582581 -200.204300 -4.995752
-145.953232 -203.691650 -5.236095
-143.199966 -204.604645 -31.300419
-137.126419 -201.874374 -30.351110
-126.875137 -202.204727 -46.857487
-134.768478 -204.028168 -47.289032
-45.021835 -192.156631 -53.034817
-36.484528 -190.910706 -51.123901
-33.335052 -188.951706 -46.969444
-34.352810 -186.852051 -35.832489
-39.865215 -189.575623 -39.498711
-52.732952 -190.830536 -41.333248
-69.218376 -173.872452 -14.894753
-61.280479 -184.151794 -29.645638
-54.186314 -170.197784 -13.092237
-46.513191 -182.332550 -27.693237
-38.561897 -179.464035 -24.752777
-43.935123 -169.097229 -13.712210
-80.797714 -131.167679 55.340965
-89.660843 -143.046997 53.561054
-81.882500 -150.592850 30.220285
-71.464134 -139.653351 31.790482
-68.013268 -128.637695 35.550606
-76.370911 -121.272339 57.357594
-31.251692 -186.484146 -42.934685
-31.063030 -183.082474 -34.129028
-71.415924 -111.963829 58.824623
-64.483307 -118.568588 38.189777
-55.380409 -129.944061 19.204996
-58.404659 -140.882614 15.470687
-50.793549 -147.666428 5.142554
-46.703033 -142.820953 3.758699
-41.046970 -153.929993 -6.260672
-48.445282 -158.061279 -2.692665
-37.052708 -164.267868 -14.384193
-33.360725 -174.831177 -24.142927
-134.874008 -189.746216 25.325907
-139.582809 -185.558029 52.289577
-122.515533 -178.606064 27.919853
-127.321541 -173.595673 52.552811
-129.823181 -191.958893 -5.349363
-124.771370 -195.461395 -28.717173
-105.559036 -190.719955 -32.033096
-113.198044 -187.876297 -19.551893
-108.973709 -183.380600 -10.985279
-118.057991 -182.746674 2.654887
-109.094498 -197.900009 -46.163971
-86.275894 -193.773575 -46.795464
-63.268661 -192.485031 -50.338875
-78.088547 -190.194153 -37.541584
-92.380058 -179.374771 -14.603521
-86.929619 -185.636795 -27.291260
-107.924828 -158.307526 52.804142
-101.875671 -164.566025 29.240686
-60.642483 -154.187653 6.919563
-75.100525 -161.744629 5.996619
-97.028061 -171.969818 5.505959
1600
0 1 2
2 1 3
1 4 3
3 4 5
6 7 5
5 7 3
7 8 3
3 8 2
4 9 5
5 9 10
9 11 10
10 11 12
13 14 12
12 14 10
14 6 10
10 6 5
15 16 17
17 16 18
11 9 18
18 9 17
9 4 17
17 4 19
20 15 19
19 15 17
8 21 2
2 21 22
21 23 22
22 23 24
25 26 24
24 26 22
26 0 22
22 0 2
7 6 27
27 6 28
29 30 28
28 30 27
30 31 27
27 31 32
8 7 32
32 7 27
14 13 33
33 13 34
35 36 34
34 36 33
36 29 33
33 29 28
6 14 28
28 14 33
37 38 39
39 38 40
38 41 40
40 41 42
42 35 40
40 35 34
13 39 34
34 39 40
43 44 45
45 44 46
47 48 44
44 48 46
41 38 48
48 38 46
38 37 46
46 37 45
21 8 49
49 8 32
31 50 32
32 50 49
50 51 49
49 51 52
23 21 52
52 21 49
53 23 54
54 23 52
51 55 52
52 55 54
55 56 54
54 56 57
58 53 57
57 53 54
30 29 59
59 29 60
61 62 60
60 62 59
62 63 59
59 63 64
31 30 64
64 30 59
36 35 65
65 35 66
67 68 66
66 68 65
68 61 65
65 61 60
29 36 60
60 36 65
42 41 69
69 41 70
71 72 70
70 72 69
72 67 69
69 67 66
35 42 66
66 42 69
48 47 73
73 47 74
75 76 74
74 76 73
76 71 73
73 71 70
41 48 70
70 48 73
50 31 77
77 31 64
63 78 64
64 78 77
78 79 77
77 79 80
51 50 80
80 50 77
57 56 81
81 56 82
83 84 82
82 84 81
85 86 84
84 86 81
86 58 81
81 58 57
87 88 89
89 88 90
91 92 90
90 92 89
92 93 89
89 93 94
83 87 94
94 87 89
95 16 96
96 16 15
15 20 96
96 20 97
98 99 97
97 99 96
99 100 96
96 100 95
98 101 99
99 101 102
103 104 101
101 104 102
104 105 102
102 105 106
106 107 102
102 107 108
109 110 108
108 110 102
110 100 102
102 100 99
111 112 113
113 112 114
114 115 113
113 115 116
116 47 113
113 47 44
43 111 44
44 111 113
115 117 116
116 117 118
117 119 118
118 119 120
120 75 118
118 75 74
47 116 74
74 116 118
119 121 120
120 121 122
121 123 122
122 123 124
75 120 124
124 120 122
71 76 125
125 76 126
76 75 126
126 75 124
123 127 124
124 127 126
127 128 126
126 128 125
129 130 131
131 130 132
128 127 132
132 127 131
127 123 131
131 123 133
134 129 133
133 129 131
135 134 136
136 134 133
123 121 133
133 121 136
121 119 136
136 119 137
138 135 137
137 135 136
139 138 140
140 138 137
119 117 137
137 117 140
117 115 140
140 115 141
141 142 140
140 142 139
142 141 143
143 141 144
115 114 141
141 114 144
114 112 144
144 112 145
146 143 145
145 143 144
146 147 143
143 147 148
147 149 148
148 149 150
151 152 150
150 152 148
152 142 148
148 142 143
142 152 139
139 152 153
152 151 153
153 151 154
155 156 154
154 156 153
156 138 153
153 138 139
138 156 135
135 156 157
156 155 157
157 155 158
159 160 158
158 160 157
160 134 157
157 134 135
161 162 163
163 162 164
164 165 163
163 165 166
167 168 166
166 168 163
169 161 168
168 161 163
169 168 170
170 168 171
168 167 171
171 167 172
173 174 172
172 174 171
174 103 171
171 103 170
104 103 175
175 103 174
174 173 175
175 173 176
177 178 176
176 178 175
105 104 178
178 104 175
105 178 106
106 178 179
178 177 179
179 177 180
181 182 180
180 182 179
182 107 179
179 107 106
107 182 108
108 182 183
182 181 183
183 181 184
185 186 184
184 186 183
186 109 183
183 109 108
11 187 12
12 187 188
187 189 188
188 189 190
37 39 190
190 39 188
39 13 188
188 13 12
191 192 193
193 192 194
194 195 193
193 195 196
196 197 193
193 197 198
199 191 198
198 191 193
200 201 202
202 201 203
112 111 201
201 111 203
111 43 203
203 43 45
37 190 45
45 190 203
189 202 190
190 202 203
204 205 206
206 205 207
205 146 207
207 146 145
145 112 207
207 112 201
200 206 201
201 206 207
199 208 209
209 208 210
208 211 210
210 211 212
204 209 212
212 209 210
149 147 213
213 147 214
147 146 214
214 146 205
204 215 205
205 215 214
216 213 215
215 213 214
208 199 217
217 199 198
197 218 198
198 218 217
211 208 218
218 208 217
211 219 212
212 219 220
219 216 220
220 216 215
204 212 215
215 212 220
204 206 209
209 206 221
206 200 221
221 200 222
222 199 221
221 199 209
109 186 223
223 186 224
186 185 224
224 185 225
226 227 225
225 227 224
227 195 224
224 195 223
109 223 110
110 223 228
195 194 223
223 194 228
192 229 194
194 229 228
189 187 229
229 187 228
11 18 187
187 18 228
16 95 18
18 95 228
100 110 95
95 110 228
199 222 191
191 222 230
222 200 230
230 200 202
202 189 230
230 189 229
229 192 230
230 192 191
195 227 196
196 227 231
227 226 231
231 226 232
233 234 232
232 234 231
234 197 231
231 197 196
197 234 218
218 234 235
234 233 235
235 233 236
237 238 236
236 238 235
211 218 238
238 218 235
219 211 239
239 211 238
237 240 238
238 240 239
241 242 240
240 242 239
216 219 242
242 219 239
213 216 243
243 216 242
242 241 243
243 241 244
244 149 243
243 149 213
150 149 245
245 149 244
241 246 244
244 246 245
246 247 245
245 247 248
151 150 248
248 150 245
154 151 249
249 151 248
248 247 249
249 247 250
155 154 250
250 154 249
67 72 251
251 72 252
72 71 252
252 71 125
128 253 125
125 253 252
253 254 252
252 254 251
61 68 255
255 68 256
68 67 256
256 67 251
254 257 251
251 257 256
257 258 256
256 258 255
259 260 261
261 260 262
258 257 260
260 257 262
257 254 262
262 254 263
263 264 262
262 264 261
265 264 266
266 264 263
254 253 263
263 253 266
253 128 266
266 128 132
130 265 132
132 265 266
134 160 129
129 160 267
160 159 267
267 159 268
269 270 268
268 270 267
270 130 267
267 130 129
130 270 265
265 270 271
270 269 271
271 269 272
272 273 271
271 273 274
274 264 271
271 264 265
264 274 261
261 274 275
274 273 275
275 273 276
277 278 276
276 278 275
278 259 275
275 259 261
259 278 279
279 278 280
278 277 280
280 277 281
282 283 281
281 283 280
284 279 283
283 279 280
63 62 285
285 62 286
62 61 286
286 61 255
258 287 255
255 287 286
287 288 286
286 288 285
260 259 289
289 259 279
279 284 289
289 284 290
288 287 290
290 287 289
287 258 289
289 258 260
291 292 293
293 292 294
292 295 294
294 295 296
296 91 294
294 91 90
90 88 294
294 88 293
56 55 297
297 55 298
55 51 298
298 51 80
79 299 80
80 299 298
300 297 299
299 297 298
299 79 301
301 79 302
302 303 301
301 303 304
300 299 304
304 299 301
300 305 306
306 305 307
305 308 307
307 308 309
310 311 309
309 311 307
311 291 307
307 291 293
88 306 293
293 306 307
297 300 312
312 300 306
306 88 312
312 88 87
87 83 312
312 83 82
56 297 82
82 297 312
285 288 313
313 288 314
303 302 314
314 302 313
79 78 302
302 78 313
78 63 313
313 63 285
315 316 317
317 316 318
303 314 318
318 314 317
288 290 314
314 290 317
284 315 290
290 315 317
316 315 319
319 315 320
315 284 320
320 284 283
283 282 320
320 282 321
321 322 320
320 322 319
323 308 324
324 308 305
300 304 305
305 304 324
304 303 324
324 303 318
316 323 318
318 323 324
323 316 325
325 316 319
322 326 319
319 326 325
326 310 325
325 310 309
308 323 309
309 323 325
158 155 327
327 155 250
247 328 250
250 328 327
328 329 327
327 329 330
330 159 327
327 159 158
159 330 268
268 330 331
330 329 331
331 329 332
333 334 332
332 334 331
334 269 331
331 269 268
272 269 335
335 269 334
333 336 334
334 336 335
336 337 335
335 337 338
273 272 338
338 272 335
276 273 339
339 273 338
337 340 338
338 340 339
340 341 339
339 341 342
277 276 342
342 276 339
277 342 281
281 342 343
342 341 343
343 341 344
345 346 344
344 346 343
346 282 343
343 282 281
282 346 321
321 346 347
346 345 347
347 345 348
349 350 348
348 350 347
350 322 347
347 322 321
326 322 351
351 322 350
349 352 350
350 352 351
352 353 351
351 353 354
310 326 354
354 326 351
246 241 355
355 241 356
357 358 356
356 358 355
359 360 358
358 360 355
247 246 360
360 246 355
328 247 361
361 247 360
360 359 361
361 359 362
363 364 362
362 364 361
364 329 361
361 329 328
240 237 365
365 237 366
367 368 366
366 368 365
368 357 365
365 357 356
241 240 356
356 240 365
236 233 369
369 233 370
371 372 370
370 372 369
372 367 369
369 367 366
237 236 366
366 236 369
226 373 232
232 373 374
373 375 374
374 375 376
371 370 376
376 370 374
370 233 374
374 233 232
185 377 225
225 377 378
377 379 378
378 379 380
375 373 380
380 373 378
373 226 378
378 226 225
181 381 184
184 381 382
381 383 382
382 383 384
379 377 384
384 377 382
377 185 382
382 185 184
177 385 180
180 385 386
385 387 386
386 387 388
383 381 388
388 381 386
381 181 386
386 181 180
173 389 176
176 389 390
389 391 390
390 391 392
387 385 392
392 385 390
385 177 390
390 177 176
167 393 172
172 393 394
393 395 394
394 395 396
391 389 396
396 389 394
389 173 394
394 173 172
165 397 166
166 397 398
397 399 398
398 399 400
395 393 400
400 393 398
393 167 398
398 167 166
401 402 403
403 402 404
404 405 403
403 405 406
165 164 406
406 164 403
162 401 164
164 401 403
353 407 354
354 407 408
407 409 408
408 409 410
291 311 410
410 311 408
311 310 408
408 310 354
406 405 411
411 405 412
412 413 411
411 413 414
399 397 414
414 397 411
165 406 397
397 406 411
375 415 376
376 415 416
415 417 416
416 417 418
419 420 418
418 420 416
420 371 416
416 371 376
329 364 332
332 364 421
364 363 421
421 363 422
422 423 421
421 423 424
424 333 421
421 333 332
336 333 425
425 333 424
423 426 424
424 426 425
426 427 425
425 427 428
337 336 428
428 336 425
340 337 429
429 337 428
427 430 428
428 430 429
431 432 430
430 432 429
432 341 429
429 341 340
341 432 344
344 432 433
432 431 433
433 431 434
435 436 434
434 436 433
436 345 433
433 345 344
372 371 437
437 371 420
420 419 437
437 419 438
438 367 437
437 367 372
357 439 358
358 439 440
439 441 440
440 441 442
443 444 442
442 444 440
444 359 440
440 359 358
367 438 368
368 438 445
419 446 438
438 446 445
441 439 446
446 439 445
439 357 445
445 357 368
359 444 362
362 444 447
444 443 447
447 443 448
423 422 448
448 422 447
422 363 447
447 363 362
419 418 446
446 418 449
418 417 449
449 417 450
451 452 450
450 452 449
452 441 449
449 441 446
441 452 442
442 452 453
452 451 453
453 451 454
455 456 454
454 456 453
456 443 453
453 443 442
443 456 448
448 456 457
456 455 457
457 455 458
427 426 458
458 426 457
426 423 457
457 423 448
399 459 400
400 459 460
459 461 460
460 461 462
463 464 462
462 464 460
464 395 460
460 395 400
383 465 384
384 465 466
465 467 466
466 467 468
469 470 468
468 470 466
470 379 466
466 379 384
387 471 388
388 471 472
471 473 472
472 473 474
467 465 474
474 465 472
465 383 472
472 383 388
391 475 392
392 475 476
475 477 476
476 477 478
473 471 478
478 471 476
471 387 476
476 387 392
395 464 396
396 464 479
464 463 479
479 463 480
477 475 480
480 475 479
475 391 479
479 391 396
379 470 380
380 470 481
470 469 481
481 469 482
417 415 482
482 415 481
415 375 481
481 375 380
430 427 483
483 427 458
455 484 458
458 484 483
484 485 483
483 485 486
431 430 486
486 430 483
469 487 482
482 487 488
487 489 488
488 489 490
451 450 490
490 450 488
450 417 488
488 417 482
451 490 454
454 490 491
489 492 490
490 492 491
485 484 492
492 484 491
484 455 491
491 455 454
467 493 468
468 493 494
493 495 494
494 495 496
489 487 496
496 487 494
487 469 494
494 469 468
495 497 496
496 497 498
497 499 498
498 499 500
489 496 500
500 496 498
499 501 500
500 501 502
501 503 502
502 503 504
489 500 504
504 500 502
473 505 474
474 505 506
505 507 506
506 507 508
495 493 508
508 493 506
493 467 506
506 467 474
507 509 508
508 509 510
509 511 510
510 511 512
499 497 512
512 497 510
497 495 510
510 495 508
511 513 512
512 513 514
513 515 514
514 515 516
503 501 516
516 501 514
501 499 514
514 499 512
345 436 348
348 436 517
436 435 517
517 435 518
518 519 517
517 519 520
520 349 517
517 349 348
435 434 521
521 434 522
434 431 522
522 431 486
485 523 486
486 523 522
523 524 522
522 524 521
519 518 525
525 518 526
518 435 526
526 435 521
524 527 521
521 527 526
527 528 526
526 528 529
529 530 526
526 530 531
532 525 531
531 525 526
489 504 492
492 504 533
504 503 533
533 503 534
524 523 534
534 523 533
523 485 533
533 485 492
515 535 516
516 535 536
528 527 535
535 527 536
527 524 536
536 524 534
534 503 536
536 503 516
477 537 478
478 537 538
537 539 538
538 539 540
507 505 540
540 505 538
505 473 538
538 473 478
539 541 540
540 541 542
541 543 542
542 543 544
511 509 544
544 509 542
509 507 542
542 507 540
543 545 544
544 545 546
545 547 546
546 547 548
515 513 548
548 513 546
513 511 546
546 511 544
535 515 549
549 515 548
547 550 548
548 550 549
550 530 549
549 530 529
529 528 549
549 528 535
463 551 480
480 551 552
551 553 552
552 553 554
539 537 554
554 537 552
537 477 552
552 477 480
541 539 555
555 539 554
553 556 554
554 556 555
556 557 555
555 557 558
543 541 558
558 541 555
545 543 559
559 543 558
557 560 558
558 560 559
561 562 560
560 562 559
547 545 562
562 545 559
547 562 550
550 562 563
562 561 563
563 561 564
564 532 563
563 532 531
530 550 531
531 550 563
551 463 565
565 463 462
461 566 462
462 566 565
566 567 565
565 567 568
553 551 568
568 551 565
556 553 569
569 553 568
568 567 569
569 567 570
571 572 570
570 572 569
572 557 569
569 557 556
557 572 560
560 572 573
572 571 573
573 571 574
575 576 574
574 576 573
576 561 573
573 561 560
561 576 564
564 576 577
576 575 577
577 575 578
579 580 578
578 580 577
580 532 577
577 532 564
353 352 581
581 352 582
352 349 582
582 349 520
519 583 520
520 583 582
583 584 582
582 584 581
584 583 585
585 583 586
583 519 586
586 519 525
532 580 525
525 580 586
580 579 586
586 579 587
588 585 587
587 585 586
459 399 589
589 399 414
413 590 414
414 590 589
590 591 589
589 591 592
461 459 592
592 459 589
566 461 593
593 461 592
591 594 592
592 594 593
595 596 594
594 596 593
567 566 596
596 566 593
567 596 570
570 596 597
596 595 597
597 595 598
599 600 598
598 600 597
600 571 597
597 571 570
571 600 574
574 600 601
600 599 601
601 599 602
603 604 602
602 604 601
604 575 601
601 575 574
575 604 578
578 604 605
604 603 605
605 603 606
588 587 606
606 587 605
579 578 587
587 578 605
584 607 581
581 607 608
607 609 608
608 609 610
409 407 610
610 407 608
407 353 608
608 353 581
588 611 585
585 611 612
611 613 612
612 613 614
609 607 614
614 607 612
607 584 612
612 584 585
603 615 606
606 615 616
613 611 615
615 611 616
611 588 616
616 588 606
409 617 410
410 617 618
619 620 617
617 620 618
295 292 620
620 292 618
292 291 618
618 291 410
590 413 621
621 413 622
623 624 622
622 624 621
624 625 621
621 625 626
591 590 626
626 590 621
594 591 627
627 591 626
625 628 626
626 628 627
629 630 628
628 630 627
630 595 627
627 595 594
595 630 598
598 630 631
630 629 631
631 629 632
633 634 632
632 634 631
634 599 631
631 599 598
599 634 602
602 634 635
634 633 635
635 633 636
637 638 636
636 638 635
638 603 635
635 603 602
603 638 615
615 638 639
638 637 639
639 637 640
641 642 640
640 642 639
642 613 639
639 613 615
609 643 610
610 643 644
643 645 644
644 645 646
646 619 644
644 619 617
617 409 644
644 409 610
613 642 614
614 642 647
642 641 647
647 641 648
645 643 648
648 643 647
643 609 647
647 609 614
649 650 651
651 650 652
650 653 652
652 653 654
654 655 652
652 655 656
656 657 652
652 657 651
657 656 658
658 656 659
655 660 656
656 660 659
625 624 660
660 624 659
624 623 659
659 623 658
628 625 661
661 625 660
660 655 661
661 655 654
654 653 661
661 653 662
629 628 662
662 628 661
663 664 665
665 664 666
664 20 666
666 20 19
4 1 19
19 1 666
1 0 666
666 0 665
0 26 665
665 26 667
26 25 667
667 25 668
669 670 668
668 670 667
670 663 667
667 663 665
295 671 296
296 671 672
671 673 672
672 673 674
674 675 672
672 675 676
677 678 676
676 678 672
678 91 672
672 91 296
84 83 679
679 83 94
93 680 94
94 680 679
680 681 679
679 681 682
85 84 682
682 84 679
681 680 683
683 680 684
680 93 684
684 93 685
686 687 685
685 687 684
687 688 684
684 688 683
93 92 685
685 92 689
92 91 689
689 91 678
677 690 678
678 690 689
690 686 689
689 686 685
23 53 24
24 53 691
53 58 691
691 58 692
693 694 692
692 694 691
694 25 691
691 25 24
25 694 668
668 694 695
694 693 695
695 693 696
696 669 695
695 669 668
692 58 697
697 58 86
86 85 697
697 85 698
693 692 698
698 692 697
698 85 699
699 85 682
682 681 699
699 681 700
693 698 700
700 698 699
20 664 97
97 664 701
664 663 701
701 663 702
703 704 702
702 704 701
704 98 701
701 98 97
98 704 101
101 704 705
703 706 704
704 706 705
402 401 706
706 401 705
162 161 401
401 161 705
161 169 705
705 169 170
103 101 170
170 101 705
706 703 707
707 703 708
708 709 707
707 709 710
405 404 710
710 404 707
402 706 404
404 706 707
711 712 713
713 712 714
712 715 714
714 715 716
709 708 716
716 708 714
703 717 708
708 717 714
717 718 714
714 718 719
719 720 714
714 720 721
722 713 721
721 713 714
723 724 725
725 724 726
724 727 726
726 727 728
715 712 728
728 712 726
712 711 726
726 711 725
729 715 730
730 715 728
727 731 728
728 731 730
649 651 731
731 651 730
657 729 651
651 729 730
715 729 716
716 729 732
729 657 732
732 657 658
623 733 658
658 733 732
733 709 732
732 709 716
405 710 412
412 710 734
709 733 710
710 733 734
733 623 734
734 623 622
413 412 622
622 412 734
693 735 696
696 735 736
722 721 735
735 721 736
721 720 736
736 720 719
717 736 718
719 718 736
703 702 717
717 702 736
663 670 702
702 670 736
669 696 670
670 696 736
722 735 713
713 735 737
735 693 737
737 693 738
738 711 737
737 711 713
711 738 725
725 738 739
693 700 738
738 700 739
681 740 700
700 740 739
740 723 739
739 723 725
723 740 741
741 740 742
740 681 742
742 681 683
688 743 683
683 743 742
743 744 742
742 744 741
744 743 745
745 743 746
688 687 743
743 687 746
687 686 746
746 686 747
747 748 746
746 748 745
749 748 750
750 748 747
686 690 747
747 690 750
690 677 750
750 677 676
675 749 676
676 749 750
295 620 751
751 620 752
620 619 752
752 619 753
754 755 753
753 755 752
756 751 755
755 751 752
757 758 759
759 758 760
758 756 760
760 756 755
755 754 760
760 754 761
761 762 760
760 762 759
650 649 763
763 649 764
765 766 764
764 766 763
766 767 763
763 767 768
653 650 768
768 650 763
619 646 753
753 646 769
646 645 769
769 645 770
770 754 769
769 754 753
629 662 632
632 662 771
662 653 771
771 653 768
767 772 768
768 772 771
772 633 771
771 633 632
633 772 636
636 772 773
772 767 773
773 767 774
775 776 774
774 776 773
776 637 773
773 637 636
637 776 640
640 776 777
776 775 777
777 775 778
778 762 777
777 762 779
779 641 777
777 641 640
641 779 648
648 779 780
779 762 780
780 762 761
754 770 761
761 770 780
770 645 780
780 645 648
744 781 741
741 781 782
781 783 782
782 783 784
727 724 784
784 724 782
724 723 782
782 723 741
745 748 785
785 748 786
787 788 786
786 788 785
788 789 785
785 789 790
783 781 790
790 781 785
744 745 781
781 745 785
748 749 786
786 749 791
749 675 791
791 675 674
673 792 674
674 792 791
792 787 791
791 787 786
295 751 671
671 751 793
751 756 793
793 756 794
787 792 794
794 792 793
792 673 793
793 673 671
789 788 795
795 788 796
788 787 796
796 787 794
756 758 794
794 758 796
758 757 796
796 757 795
727 784 731
731 784 797
784 783 797
797 783 798
765 764 798
798 764 797
764 649 797
797 649 731
762 778 759
759 778 799
778 775 799
799 775 774
767 766 774
774 766 799
766 765 799
799 765 800
757 759 800
800 759 799
757 800 795
795 800 801
765 798 800
800 798 801
798 783 801
801 783 790
790 789 801
801 789 795
