478
19.844651 20.215883 19.452186
11.584703 15.408221 15.712646
26.482778 -8.611189 16.391728
19.820735 -7.776148 13.114173
5.518562 8.217727 13.842770
12.923367 -9.507089 11.597412
14.968071 41.952391 14.353789
7.947201 30.121093 11.330104
0.479143 20.610759 9.903862
-6.486269 12.427666 9.050645
-11.795857 5.790002 8.200587
-1.323569 2.461853 12.811644
-7.889729 -2.375074 11.855990
9.239497 -14.627198 9.263331
0.219169 -13.801901 9.696527
5.884481 37.081156 1.526475
11.965716 47.064133 1.639788
-1.777431 25.738320 0.690098
-0.484218 22.826564 -12.611408
6.981779 33.025634 -14.980615
15.264367 42.274876 -20.199633
-13.749125 9.524906 0.205798
-10.365391 15.570579 0.753384
-12.645093 7.700713 -10.951253
-7.454275 14.296256 -11.903491
18.107781 19.676483 -25.380733
11.685641 15.537997 -21.602466
5.518562 8.217727 -19.460001
23.823528 -1.016503 -24.289415
28.149717 -15.490098 -19.859049
20.057020 -9.153313 -17.911540
12.428193 -10.890082 -16.140957
-7.261992 -1.641294 -17.758985
-1.323569 2.461853 -18.350918
0.904497 -14.668372 -13.827649
6.581815 -12.798300 -14.858563
27.749474 -20.424366 1.437746
22.854033 -19.139205 1.591776
15.252334 -19.251411 1.186090
4.246708 -19.760398 0.155814
11.742762 -19.767092 0.875653
44.568148 -47.259336 -20.589690
44.568148 -47.259336 1.476517
37.879210 -46.789746 -20.656199
37.872181 -46.787715 5.812795
32.822413 -43.803201 5.812794
32.822413 -43.803205 -20.589688
57.933898 -39.022889 -20.589690
57.933893 -39.022889 0.011709
51.683083 -44.799023 -20.547380
51.669116 -44.807811 5.812794
57.933898 -39.022889 22.125077
51.695871 -44.790983 22.051024
44.568148 -47.259336 22.125084
37.885892 -46.791677 22.240820
32.822413 -43.803201 22.125075
30.003040 27.602794 -50.303268
26.135325 54.205332 -50.303264
36.178200 30.858343 -53.572593
32.397201 57.720780 -53.582840
39.911449 61.939321 -54.676037
44.543853 29.191749 -54.671884
53.687572 69.673309 -50.303268
56.896324 45.218506 -50.303264
47.425699 66.157856 -53.582845
51.767726 33.933985 -53.589706
47.677326 5.058330 -54.666233
54.005642 12.303373 -53.582840
59.651933 16.129541 -50.303264
34.808264 -0.705601 -50.303268
40.454550 3.120568 -53.582845
26.751337 83.559532 22.125068
32.411206 89.228096 22.086020
26.751339 83.559532 5.812794
32.421553 89.236212 2.846225
38.905201 93.066702 22.125087
38.905201 93.066692 1.476517
45.354996 94.834595 22.150712
50.939813 94.325037 22.125132
45.359030 94.834957 1.476517
50.939817 94.325027 1.476517
38.905201 93.066692 -20.589662
45.359030 94.834957 -18.378632
50.939817 94.325027 -20.589693
26.751342 83.559532 -20.589690
32.416100 89.231930 -20.567312
44.544468 29.187756 43.545671
36.178792 30.855525 42.627659
47.230101 7.711970 43.549142
40.454555 3.120568 42.636194
30.003040 27.602794 39.897356
34.808266 -0.705601 39.897356
56.896329 45.218506 39.897356
51.767960 33.932374 42.641926
59.651933 16.129541 39.897356
54.005647 12.303373 42.636194
53.687572 69.673309 39.897356
47.425699 66.157856 42.636194
39.911449 61.939321 43.549142
32.397201 57.720780 42.636194
26.135325 54.205332 39.897356
30.095601 -32.007399 -20.440755
29.912603 -31.205916 1.744199
29.644194 -23.077223 -18.313248
29.576654 -25.676847 1.522994
30.660038 -38.716049 1.476517
30.660038 -38.716054 -18.378632
30.700989 -38.790288 22.536297
30.157788 -31.774859 21.908388
29.686401 -20.936635 18.157003
60.138040 -5.938755 -50.303264
54.641447 -8.978182 -53.582840
59.242673 -18.876536 -49.916091
53.868904 -21.301637 -53.096976
47.431574 -24.208446 -54.159803
48.045530 -12.625494 -54.676037
57.332854 -28.853416 -48.754578
55.144439 -34.771292 -47.185645
52.374573 -30.988245 -51.639390
51.126871 -37.945807 -48.754578
45.521588 -40.377765 -49.528923
46.469412 -33.536794 -52.611117
36.766882 -39.718428 -47.185645
35.920982 -35.946612 -48.754578
40.203190 -40.739160 -48.754578
40.721760 -34.948564 -51.639395
35.699229 -28.971963 -49.916096
41.033621 -26.831059 -53.096981
35.953021 -19.312234 -50.303268
41.449614 -16.272807 -53.582845
65.810022 17.286177 19.945874
65.656142 -3.411814 22.180386
66.263337 9.035221 2.599130
65.927525 -3.429393 4.232548
64.540653 -17.351027 22.147520
64.712152 -17.054268 0.097833
62.084565 -29.579563 22.280519
62.133150 -29.466276 4.022029
64.585314 -17.348597 -20.572808
62.102623 -29.537756 -20.677750
65.889225 15.772580 -25.813780
65.754900 -3.569632 -20.515447
41.449618 -16.272807 42.636194
35.953026 -19.312234 39.897356
35.699234 -28.971965 39.574020
41.033626 -26.831059 42.230444
47.431579 -24.208446 43.118029
48.045530 -12.625494 43.549142
36.766887 -39.718425 37.293770
40.203195 -40.739164 38.604016
35.920985 -35.946610 38.604016
40.721765 -34.948564 41.013184
45.521598 -40.377765 39.250686
46.469417 -33.536792 41.824689
51.126871 -37.945809 38.604016
55.144439 -34.771292 37.293770
52.374573 -30.988245 41.013184
57.332850 -28.853419 38.604016
59.242673 -18.876536 39.574020
53.868904 -21.301637 42.230444
60.138035 -5.938755 39.897356
54.641442 -8.978182 42.636194
19.210873 64.613571 16.997908
18.585626 64.703321 0.619423
22.920785 76.546183 23.012574
22.662256 76.099682 5.788938
18.867090 63.979039 -19.498317
22.828023 76.396904 -21.077437
51.642003 82.740498 39.574020
45.841861 79.924164 42.230444
38.873954 76.514683 43.118029
48.048854 90.295200 37.293770
44.280066 89.997616 38.604016
49.888210 87.911148 38.604016
44.846382 85.908508 41.013184
38.835020 88.211918 39.250686
38.765252 83.385782 41.824689
33.368857 84.965496 38.604016
29.557285 81.708250 37.293770
32.672527 80.061083 41.013184
27.619104 77.256470 38.604016
26.100106 69.887891 39.574020
31.903150 72.904711 42.230444
57.367229 86.320496 1.460342
59.615688 76.359186 1.143507
57.368622 86.150284 -20.586810
59.792948 74.730749 -20.324080
54.804325 91.320915 -18.378632
54.804330 91.320906 1.476517
54.804325 91.320906 18.153584
57.359405 86.056948 22.156556
59.926338 73.541412 22.068357
26.100106 69.887891 -49.916091
31.903150 72.904711 -53.096976
38.873959 76.514683 -54.159803
27.619104 77.256470 -48.754578
29.557285 81.708250 -47.185645
32.672527 80.061083 -51.639390
33.368857 84.965496 -48.754578
38.835020 88.211918 -49.528923
38.765252 83.385773 -52.611113
48.048859 90.295200 -47.185645
49.888215 87.911139 -48.754578
44.280066 89.997616 -48.754578
44.846387 85.908499 -51.639390
51.642008 82.740488 -49.916096
45.841866 79.924164 -53.096981
22.177515 24.417255 26.085563
29.432464 -4.465619 29.491830
26.335773 25.200653 35.332623
31.420493 -3.001302 35.332623
22.378201 52.096062 35.332623
20.141187 50.868225 29.351068
59.327297 72.863493 29.285231
63.040385 49.074297 23.159630
62.400255 48.857307 29.519393
57.444696 71.782575 35.332623
60.563593 47.620649 35.332623
64.759393 19.688013 29.390750
63.039708 18.425243 35.332623
33.313718 -43.305025 29.025621
31.209145 -38.350537 29.114382
30.776858 -31.313579 29.252315
34.787636 -41.810493 34.267521
32.856455 -37.253997 34.622555
32.452581 -30.433650 35.155106
32.655067 -21.135890 35.332625
30.911541 -22.201228 29.311082
57.586031 -38.485785 29.025621
51.525397 -44.126391 29.114382
44.663773 -46.569147 29.203138
56.542439 -36.874471 34.267521
51.094236 -42.082124 34.622555
44.950657 -44.498587 34.977589
39.167075 -44.316702 34.622555
38.195906 -46.169958 29.114382
65.106306 -3.116203 29.272785
64.048309 -17.262019 29.242740
63.435993 -4.115099 35.332623
62.449946 -17.699047 35.155106
60.239887 -28.682809 34.622555
61.650939 -29.291434 29.114382
50.584507 93.828545 29.025621
54.319005 90.909576 29.114382
56.836262 85.579214 29.241276
49.518595 92.339067 34.267521
52.863026 89.675579 34.622555
55.109520 84.570999 35.155106
27.096086 83.325653 29.025621
32.598472 88.840828 29.114382
38.898163 92.579784 29.203138
28.130329 82.624035 34.267521
33.129203 87.654667 34.622555
38.877046 91.119061 34.977589
44.598389 92.750378 34.622555
45.168867 94.313812 29.114382
20.849285 67.525759 29.252315
22.635491 68.257871 35.155106
24.655886 76.294003 34.622555
23.217297 76.262956 29.114382
20.141187 50.868225 -37.753997
22.117283 24.628434 -33.760052
22.378201 52.096062 -44.837303
26.335773 25.200653 -44.837303
29.432466 -4.465620 -37.894759
31.420493 -3.001302 -44.837303
62.399435 48.859296 -37.939203
63.039055 49.068627 -30.500951
64.759011 19.688742 -37.797995
63.039713 18.425243 -44.837303
60.895362 45.576496 -44.785151
57.444696 71.782575 -44.837303
58.750310 77.103930 -37.717006
57.586031 -38.485785 -37.396259
61.650939 -29.291437 -37.502542
64.048290 -17.262009 -37.653422
56.542435 -36.874471 -43.561916
60.239887 -28.682809 -43.987045
62.449946 -17.699047 -44.624739
63.435993 -4.115099 -44.837303
65.106235 -3.116162 -37.680938
33.313718 -43.305025 -37.396259
38.195903 -46.169968 -37.502542
44.663773 -46.569147 -37.608824
34.787629 -41.810498 -43.561916
39.167073 -44.316707 -43.987045
44.950647 -44.498591 -44.412174
51.094227 -42.082124 -43.987045
51.525393 -44.126387 -37.502542
30.911541 -22.201228 -37.718067
30.776854 -31.313579 -37.662704
32.655065 -21.135890 -44.837303
32.452579 -30.433648 -44.624739
32.856448 -37.253997 -43.987045
31.209140 -38.350542 -37.502542
27.096088 83.325653 -37.396259
23.217297 76.262956 -37.502542
20.849285 67.525759 -37.662704
28.130331 82.624035 -43.561916
24.655886 76.294003 -43.987045
22.635491 68.257871 -44.624739
50.584507 93.828535 -37.396259
45.168867 94.313812 -37.502542
38.898163 92.579784 -37.608824
49.518595 92.339058 -43.561916
44.598389 92.750378 -43.987045
38.877046 91.119061 -44.412174
33.129206 87.654667 -43.987045
32.598472 88.840828 -37.502542
56.836171 85.579462 -37.652833
55.109520 84.570999 -44.624739
52.863026 89.675579 -43.987045
54.319005 90.909576 -37.502542
-0.266686 -19.336556 0.434629
-3.837460 -14.275792 8.086567
-6.322290 -13.665109 6.154617
-3.505028 -17.456461 -0.315231
-7.414162 -10.857593 2.693524
-6.178679 -12.476221 -1.312817
-7.268749 -12.633187 4.408283
-5.450067 -15.006250 -0.977734
-6.001040 -14.098309 -10.801466
-6.628125 -13.464667 -9.221203
-6.968995 -11.386664 -7.653375
-3.476912 -14.870486 -12.996309
-14.296448 0.915953 6.783823
-10.493002 -5.158836 9.983615
-14.674786 -2.401895 5.083706
-11.646571 -6.543305 7.752120
-13.617611 -4.370955 3.383590
-11.811665 -5.198642 1.966826
-11.289165 -7.383803 5.566959
-10.122052 -7.377761 3.666547
-15.411948 -1.455978 -9.370813
-16.378626 -0.127228 -0.394478
-15.285529 2.076835 -10.791328
-16.442586 3.929828 0.182625
-12.617877 -4.098297 -1.312819
-14.864600 -2.747920 -1.011761
-12.150403 -4.721886 -6.770704
-14.162399 -3.659081 -7.935917
-11.646570 -6.543306 -13.291396
-10.493002 -5.158837 -15.522891
-10.122052 -7.377760 -9.205820
-11.289166 -7.383801 -11.106232
-6.309555 -8.691965 1.383610
-5.491438 -9.685895 -1.824675
-1.435210 -6.663967 -1.794970
-2.166750 -5.425705 1.580013
-6.000072 -9.030227 -6.442537
-2.121350 -5.954628 -6.656685
-9.201401 -4.933454 0.895683
-8.043215 -6.465719 2.200177
-4.163213 -3.299866 2.277758
-5.041708 -1.654411 0.981598
-9.744663 -4.152096 -1.824673
-9.366304 -4.669690 -6.038673
-5.780859 -1.009908 -1.794971
-5.312780 -1.231779 -6.030757
-8.043216 -6.465720 -7.739451
-4.163212 -3.299865 -7.817031
2.470468 -5.083975 -1.579045
4.208505 -1.983675 3.079478
11.187050 -2.595720 -1.101771
7.604050 -0.747014 4.351583
4.571107 -2.211280 -8.014021
12.858143 1.424415 -10.033814
-1.083966 3.132086 2.161493
1.323950 1.494121 3.909871
5.834574 5.226758 6.088546
5.264093 11.304911 4.333115
-0.957861 5.641005 -1.340529
-0.460938 4.994467 -6.818775
3.868467 13.556912 -0.951485
4.059560 11.205224 -8.925030
1.539607 1.527352 -9.528588
5.834574 5.226759 -11.627818
15.215641 2.438578 6.207177
19.672925 0.040863 -0.313219
21.291528 5.220210 7.207480
25.173473 2.143000 -0.118772
26.247034 7.832366 7.576461
32.037318 11.131759 7.034256
29.679837 4.357359 -0.056376
34.888051 7.753404 -0.595015
22.224259 5.638696 -11.986856
27.106326 6.332117 -12.001474
33.634641 10.245698 -11.267041
18.887851 4.102283 -11.218634
14.471554 12.041206 8.821758
11.380579 17.817929 5.816450
16.219013 21.574714 6.177596
20.852299 24.428430 6.010692
19.644037 16.152453 9.394412
25.368593 19.168942 9.177469
11.277622 19.504875 -10.094210
9.311087 20.202312 -0.613481
7.682444 15.918169 -9.578928
20.665178 25.653551 -10.440478
19.332976 27.377706 -0.580870
15.244194 22.673707 -10.310315
14.311178 24.306118 -0.058203
15.315285 13.177389 -14.493468
13.297404 11.375923 -13.659455
25.336411 19.146632 -14.720575
19.644043 16.152455 -14.933686
39.268193 18.203177 5.405553
41.559048 14.719622 -0.785683
47.862959 25.200374 4.014434
46.977777 20.251403 -1.076759
40.267067 18.401129 -9.998924
45.228114 22.904353 -9.165512
33.076665 30.229552 4.087292
36.506088 26.031399 6.260586
38.494954 33.106933 3.305981
42.058401 29.972286 5.404009
34.754810 33.821042 -1.238357
30.179284 30.010171 -8.396883
38.036654 35.580471 -1.047997
39.028492 34.667404 -7.881417
36.384401 25.974526 -11.861603
41.949706 29.943185 -11.080365
51.541753 24.266284 -0.997600
50.705824 27.631843 3.826952
54.049487 30.309811 3.743234
55.223136 27.321265 -1.043736
61.484365 33.962429 4.458477
62.156882 30.161405 -0.938389
57.938037 32.921047 3.929474
58.934035 29.596827 -0.939338
54.395618 29.213431 -8.780463
58.053689 31.646571 -8.975195
61.386938 34.379387 -9.500124
50.022578 27.018266 -8.956804
44.225760 36.673203 2.717537
46.795516 33.312192 4.816560
49.879150 40.735216 2.406799
51.351886 36.719854 4.543397
58.784399 49.277277 3.027523
59.823899 43.369093 5.259900
54.912796 45.025673 2.476037
55.921912 40.299540 4.697448
49.048085 42.819939 -1.427431
43.605785 38.933148 -1.271134
49.534802 41.782432 -7.482694
44.289055 37.970741 -7.585270
58.737946 51.952896 -1.621920
54.159479 47.314658 -1.466739
58.922524 50.805278 -7.287938
54.401383 46.004190 -7.638544
51.326222 36.826587 -10.407338
46.776686 33.385122 -10.576617
59.781790 43.472114 -11.260927
55.834951 40.394769 -10.647414
64.773407 31.187084 -12.394650
65.528183 24.117496 0.256801
65.383997 26.591084 -15.181410
66.148739 17.679046 1.825663
63.525920 33.772254 -10.589075
64.217763 28.320673 -0.575798
63.446083 34.466319 5.704594
64.684248 32.108026 7.695554
65.291667 27.784185 10.660640
61.350079 64.185171 -12.277957
63.193250 48.394904 -18.428831
61.532140 59.203453 -10.043875
62.963686 47.135215 -14.982193
60.723524 54.762549 -8.630536
61.940660 45.611696 -12.681153
61.632051 61.944752 8.963154
61.019535 66.958790 0.329209
61.779265 57.299418 6.077564
61.190805 62.137928 -0.215120
60.951643 53.222728 4.163526
60.404043 57.013774 -1.001941
62.993221 47.062988 9.041361
63.211846 48.349495 12.374742
61.978941 45.518045 6.722102
956
0 1 2
2 1 3
1 4 3
3 4 5
6 7 0
0 7 1
7 8 1
1 8 4
9 10 11
11 10 12
8 9 4
4 9 11
4 11 5
5 11 13
12 14 11
11 14 13
7 6 15
15 6 16
8 7 17
17 7 15
18 17 19
19 17 15
15 16 19
19 16 20
21 22 23
23 22 24
22 17 24
24 17 18
10 9 21
21 9 22
9 8 22
22 8 17
20 25 19
19 25 26
27 18 26
26 18 19
28 29 30
31 27 30
30 27 26
25 28 26
26 28 30
32 33 34
34 33 35
27 31 33
33 31 35
32 23 33
33 23 24
18 27 24
24 27 33
36 37 29
29 37 30
37 38 30
30 38 31
36 2 37
37 2 3
3 5 37
37 5 38
14 39 13
13 39 40
5 13 38
38 13 40
38 40 31
31 40 35
40 39 35
35 39 34
41 42 43
43 42 44
45 46 44
44 46 43
47 48 49
49 48 50
50 42 49
49 42 41
48 51 50
50 51 52
52 53 50
50 53 42
54 55 44
44 55 45
42 53 44
44 53 54
56 57 58
58 57 59
60 61 59
59 61 58
62 63 64
64 63 65
61 60 65
65 60 64
66 61 67
67 61 65
63 68 65
65 68 67
69 56 70
70 56 58
58 61 70
70 61 66
71 72 73
73 72 74
72 75 74
74 75 76
77 78 79
79 78 80
76 75 79
79 75 77
81 76 82
82 76 79
79 80 82
82 80 83
73 74 84
84 74 85
74 76 85
85 76 81
86 87 88
88 87 89
87 90 89
89 90 91
92 93 94
94 93 95
93 86 95
95 86 88
96 97 92
92 97 93
97 98 93
93 98 86
99 100 87
87 100 90
98 99 86
86 99 87
101 102 103
103 102 104
104 36 103
103 36 29
45 105 46
46 105 106
105 102 106
106 102 101
55 107 45
45 107 105
107 108 105
105 108 102
2 36 109
109 36 104
108 109 102
102 109 104
68 110 67
67 110 111
110 112 111
111 112 113
114 115 113
113 115 111
115 66 111
111 66 67
116 117 118
118 117 119
120 121 119
119 121 118
121 114 118
118 114 113
112 116 113
113 116 118
122 123 124
124 123 125
123 126 125
125 126 127
114 121 127
127 121 125
121 120 125
125 120 124
128 69 129
129 69 70
66 115 70
70 115 129
115 114 129
129 114 127
126 128 127
127 128 129
130 131 132
132 131 133
131 134 133
133 134 135
136 51 137
137 51 48
135 134 137
137 134 136
138 135 139
139 135 137
137 48 139
139 48 47
140 132 141
141 132 133
133 135 141
141 135 138
89 91 142
142 91 143
144 145 143
143 145 142
145 146 142
142 146 147
88 89 147
147 89 142
148 149 150
150 149 151
149 152 151
151 152 153
146 145 153
153 145 151
145 144 151
151 144 150
154 155 156
156 155 157
158 159 157
157 159 156
159 146 156
156 146 153
152 154 153
153 154 156
94 95 160
160 95 161
95 88 161
161 88 147
146 159 147
147 159 161
159 158 161
161 158 160
6 162 16
16 162 163
164 71 165
165 71 73
163 162 165
165 162 164
166 163 167
167 163 165
73 84 165
165 84 167
163 166 16
16 166 20
168 169 96
96 169 97
169 170 97
97 170 98
171 172 173
173 172 174
172 175 174
174 175 176
170 169 176
176 169 174
169 168 174
174 168 173
177 178 179
179 178 180
181 182 180
180 182 179
182 170 179
179 170 176
175 177 176
176 177 179
170 182 98
98 182 99
182 181 99
99 181 100
183 184 185
185 184 186
83 80 187
187 80 188
188 183 187
187 183 185
78 189 80
80 189 188
190 183 189
189 183 188
183 190 184
184 190 191
57 192 59
59 192 193
194 60 193
193 60 59
195 196 197
197 196 198
199 200 198
198 200 197
200 194 197
197 194 193
192 195 193
193 195 197
201 202 203
203 202 204
202 205 204
204 205 206
194 200 206
206 200 204
200 199 204
204 199 203
60 194 64
64 194 206
205 62 206
206 62 64
207 0 208
208 0 2
90 209 91
91 209 210
209 207 210
210 207 208
100 211 90
90 211 209
211 212 209
209 212 207
212 6 207
207 6 0
191 213 214
214 213 215
216 96 217
217 96 92
213 216 215
215 216 217
215 217 218
218 217 219
217 92 219
219 92 94
215 218 214
214 218 130
55 220 107
107 220 221
222 108 221
221 108 107
223 148 224
224 148 150
144 225 150
150 225 224
225 222 224
224 222 221
220 223 221
221 223 224
91 210 143
143 210 226
210 208 226
226 208 227
222 225 227
227 225 226
225 144 226
226 144 143
222 227 108
108 227 109
208 2 227
227 2 109
228 229 51
51 229 52
229 230 52
52 230 53
155 154 231
231 154 232
154 152 232
232 152 233
230 229 233
233 229 232
229 228 232
232 228 231
149 148 234
234 148 223
220 235 223
223 235 234
235 230 234
234 230 233
152 149 233
233 149 234
230 235 53
53 235 54
235 220 54
54 220 55
218 236 130
130 236 131
236 237 131
131 237 134
219 94 238
238 94 160
158 239 160
160 239 238
239 237 238
238 237 236
218 219 236
236 219 238
157 155 240
240 155 231
228 241 231
231 241 240
237 239 241
241 239 240
239 158 240
240 158 157
237 241 134
134 241 136
241 228 136
136 228 51
242 243 78
78 243 189
244 190 243
243 190 189
245 171 246
246 171 173
168 247 173
173 247 246
247 244 246
246 244 243
242 245 243
243 245 246
244 247 213
213 247 216
247 168 216
216 168 96
190 244 191
191 244 213
248 249 71
71 249 72
249 250 72
72 250 75
178 177 251
251 177 252
177 175 252
252 175 253
250 249 253
253 249 252
248 251 249
249 251 252
172 171 254
254 171 245
242 255 245
245 255 254
255 250 254
254 250 253
175 172 253
253 172 254
250 255 75
75 255 77
255 242 77
77 242 78
256 162 212
212 162 6
181 257 100
100 257 211
257 256 211
211 256 212
178 251 180
180 251 258
251 248 258
258 248 259
256 257 259
259 257 258
257 181 258
258 181 180
162 256 164
164 256 259
259 248 164
164 248 71
260 261 20
20 261 25
57 56 262
262 56 263
261 260 263
263 260 262
261 263 264
264 263 265
56 69 263
263 69 265
25 261 28
28 261 264
264 29 28
266 267 268
268 267 140
68 63 269
269 63 270
266 268 270
270 268 269
63 62 270
270 62 271
272 266 271
271 266 270
266 272 267
267 272 186
47 273 139
139 273 274
275 138 274
274 138 139
276 117 277
277 117 116
116 112 277
277 112 278
278 275 277
277 275 274
273 276 274
274 276 277
110 68 279
279 68 269
268 280 269
269 280 279
280 275 279
279 275 278
112 110 278
278 110 279
138 275 141
141 275 280
268 140 280
280 140 141
46 281 43
43 281 282
283 41 282
282 41 43
284 122 285
285 122 124
120 286 124
124 286 285
286 283 285
285 283 282
281 284 282
282 284 285
117 276 119
119 276 287
276 273 287
287 273 288
283 286 288
288 286 287
286 120 287
287 120 119
41 283 49
49 283 288
273 47 288
288 47 49
264 289 29
29 289 103
290 101 289
289 101 103
69 128 265
265 128 291
128 126 291
291 126 292
290 289 292
292 289 291
289 264 291
291 264 265
123 122 293
293 122 284
281 294 284
284 294 293
294 290 293
293 290 292
126 123 292
292 123 293
290 294 101
101 294 106
281 46 294
294 46 106
84 295 167
167 295 296
296 297 167
167 297 166
196 195 298
298 195 299
195 192 299
299 192 300
297 296 300
300 296 299
296 295 299
299 295 298
260 297 262
262 297 300
192 57 300
300 57 262
297 260 166
166 260 20
301 302 83
83 302 82
303 81 302
302 81 82
304 201 305
305 201 203
199 306 203
203 306 305
306 303 305
305 303 302
301 304 302
302 304 305
198 196 307
307 196 298
295 308 298
298 308 307
303 306 308
308 306 307
306 199 307
307 199 198
81 303 85
85 303 308
308 295 85
85 295 84
309 185 272
272 185 186
62 205 271
271 205 310
309 272 310
310 272 271
202 201 311
311 201 304
301 312 304
304 312 311
312 309 311
311 309 310
205 202 310
310 202 311
309 312 185
185 312 187
301 83 312
312 83 187
39 14 313
313 14 314
315 316 314
314 316 313
317 318 319
319 318 320
316 315 320
320 315 319
316 320 321
321 320 322
318 323 320
320 323 322
39 313 34
34 313 324
313 316 324
324 316 321
10 325 12
12 325 326
325 327 326
326 327 328
329 330 331
331 330 332
327 329 328
328 329 331
328 331 315
315 331 319
332 317 331
331 317 319
14 12 314
314 12 326
328 315 326
326 315 314
333 334 335
335 334 336
21 23 336
336 23 335
337 338 339
339 338 340
334 333 338
338 333 340
330 329 337
337 329 338
329 327 338
338 327 334
325 10 336
336 10 21
327 325 334
334 325 336
341 342 321
321 342 324
342 32 324
324 32 34
343 344 323
323 344 322
341 321 344
344 321 322
343 339 344
344 339 340
333 341 340
340 341 344
23 32 335
335 32 342
341 333 342
342 333 335
317 345 318
318 345 346
346 345 347
347 345 348
346 347 349
349 347 350
323 318 349
349 318 346
330 351 332
332 351 352
352 351 353
353 351 354
352 353 345
345 353 348
332 352 317
317 352 345
337 339 355
355 339 356
355 356 357
357 356 358
354 351 357
357 351 355
330 337 351
351 337 355
343 323 359
359 323 349
360 359 350
350 359 349
358 356 360
360 356 359
339 343 356
356 343 359
347 348 361
361 348 362
361 362 363
363 362 364
361 363 365
365 363 366
347 361 350
350 361 365
354 367 353
353 367 368
368 367 369
369 367 370
362 368 364
364 368 369
353 368 348
348 368 362
357 358 371
371 358 372
373 371 374
374 371 372
367 371 370
370 371 373
354 357 367
367 357 371
375 360 365
365 360 350
375 365 376
376 365 366
374 372 376
376 372 375
372 358 375
375 358 360
364 377 363
363 377 378
377 379 378
378 379 380
381 382 383
383 382 384
379 381 380
380 381 383
385 380 386
386 380 383
384 387 383
383 387 386
363 378 366
366 378 388
378 380 388
388 380 385
369 370 389
389 370 390
391 392 393
393 392 394
389 390 393
393 390 391
389 393 379
379 393 381
393 394 381
381 394 382
364 369 377
377 369 389
389 379 377
395 396 397
396 373 397
397 373 374
398 399 400
400 399 401
396 395 401
401 395 400
399 392 401
401 392 391
391 390 401
401 390 396
390 370 396
396 370 373
385 402 388
388 402 403
376 366 403
403 366 388
387 404 386
386 404 405
402 385 405
405 385 386
404 398 405
405 398 400
400 395 405
405 395 402
397 374 403
403 374 376
402 395 403
403 395 397
382 406 384
384 406 407
408 409 406
406 409 407
407 409 410
410 409 411
384 407 387
387 407 410
392 412 394
394 412 413
412 414 413
413 414 415
415 408 413
413 408 406
413 406 394
394 406 382
416 399 417
417 399 398
418 416 419
419 416 417
418 414 416
416 414 412
416 412 399
399 412 392
420 404 410
410 404 387
421 420 411
411 420 410
421 419 420
420 419 417
420 417 404
404 417 398
409 408 422
422 408 423
424 425 423
423 425 422
426 427 428
428 427 429
425 424 429
429 424 428
425 429 430
430 429 431
429 427 431
431 427 432
409 422 411
411 422 433
422 425 433
433 425 430
414 434 415
415 434 435
436 437 434
434 437 435
438 439 440
440 439 441
437 436 441
441 436 440
424 437 428
428 437 441
439 426 441
441 426 428
415 435 408
408 435 423
437 424 435
435 424 423
442 443 444
444 443 445
418 419 443
443 419 445
446 447 448
448 447 449
447 442 449
449 442 444
446 438 447
447 438 440
436 442 440
440 442 447
414 418 434
434 418 443
442 436 443
443 436 434
450 451 430
430 451 433
451 421 433
433 421 411
452 453 432
432 453 431
453 450 431
431 450 430
448 449 452
452 449 453
449 444 453
453 444 450
445 419 451
451 419 421
444 445 450
450 445 451
454 455 456
456 455 457
457 132 456
456 132 140
432 427 458
458 427 459
455 454 459
459 454 458
426 460 427
427 460 459
460 461 459
459 461 455
462 130 457
457 130 132
461 462 455
455 462 457
186 463 267
267 463 464
463 465 464
464 465 466
467 448 468
468 448 452
465 467 466
466 467 468
454 466 458
458 466 468
468 452 458
458 452 432
140 267 456
456 267 464
466 454 464
464 454 456
191 469 184
184 469 470
471 472 469
469 472 470
438 446 473
473 446 474
472 471 474
474 471 473
472 474 465
465 474 467
474 446 467
467 446 448
186 184 463
463 184 470
470 472 463
463 472 465
475 476 461
461 476 462
476 214 462
462 214 130
426 439 460
460 439 477
477 475 460
460 475 461
439 438 477
477 438 473
471 475 473
473 475 477
191 214 469
469 214 476
475 471 476
476 471 469
