1206
40.335915 -37.566795 -6.707361
40.307056 -35.937004 -5.527559
39.003976 -38.596932 -3.808628
39.396882 -36.677315 -3.295602
39.544656 -34.229582 -4.937659
38.857918 -34.812426 -3.039087
38.629007 -35.006709 -0.760798
39.093490 -36.924090 -0.617250
38.559994 -38.940304 -0.330150
38.025081 -32.249183 -4.741024
35.724722 -29.800482 -4.741025
37.402297 -32.757539 -2.953581
35.045247 -30.267943 -2.953581
34.818760 -30.423754 -0.808649
37.194709 -32.926995 -0.808649
35.045247 -30.267943 1.336287
35.724722 -29.800482 3.123731
37.402304 -32.757539 1.336287
38.025088 -32.249183 3.123731
39.544656 -34.229569 3.416064
38.857924 -34.812426 1.517492
40.335915 -37.566801 6.047062
39.003976 -38.596925 3.148327
40.307056 -35.936998 4.293063
39.396882 -36.677315 2.061103
50.103442 -30.012510 -6.707359
46.981675 -30.508015 -5.527559
47.883551 -31.729391 -8.446598
45.464724 -31.741875 -6.866735
44.580739 -29.955325 -4.937659
43.436173 -30.926743 -6.076804
42.062697 -32.092450 -6.456517
43.644369 -33.222510 -7.313127
45.219685 -33.789652 -9.026344
42.592162 -28.521214 -4.741025
40.707513 -26.372460 -4.741025
41.554194 -29.368483 -5.813490
39.575064 -27.151556 -5.813493
38.216121 -28.086471 -6.170980
40.308625 -30.385202 -6.170980
36.857171 -29.021385 -5.813492
39.063056 -31.401921 -5.813490
40.689221 -33.258158 -6.076802
41.824014 -34.703144 -6.866735
42.555806 -35.849913 -8.446598
51.435382 -28.982373 3.148327
50.103442 -30.012510 6.047055
47.891856 -29.767691 2.061103
46.981688 -30.508008 4.293063
44.580739 -29.955319 3.416064
45.267484 -29.372468 1.517492
45.496394 -29.178185 -0.760798
48.195254 -29.520923 -0.617250
51.879364 -28.639000 -0.330150
40.707513 -26.372460 3.123731
41.386994 -25.905006 1.336287
42.592169 -28.521214 3.123731
43.214953 -28.012858 1.336287
41.613481 -25.749188 -0.808649
43.422548 -27.843401 -0.808649
41.386994 -25.905006 -2.953581
43.214953 -28.012858 -2.953581
45.267470 -29.372475 -3.039087
47.891856 -29.767698 -3.295602
51.435382 -28.982379 -3.808631
42.555806 -35.849913 7.786301
41.824020 -34.703138 5.632239
40.689221 -33.258151 4.555209
42.062697 -32.092444 4.934920
43.644376 -33.222503 6.078631
45.219685 -33.789652 8.366044
36.857178 -29.021385 4.196198
39.063063 -31.401914 4.196198
38.216121 -28.086478 4.553687
40.308625 -30.385195 4.553687
39.575064 -27.151556 4.196198
41.554194 -29.368476 4.196198
43.436180 -30.926736 4.555209
47.883551 -31.729391 7.786301
45.464724 -31.741868 5.632239
11.226240 5.059141 -5.643635
7.853757 14.148955 -5.034924
8.565121 8.098797 -3.325663
6.549939 14.400306 -3.138255
2.849847 24.208393 -4.816585
2.068981 23.702285 -3.000979
1.780220 23.609227 -0.802724
6.002132 14.785281 -0.784216
7.859762 8.891151 -0.745230
-7.592173 42.445676 -4.761872
-8.001960 41.565122 -2.965875
-2.620979 34.111556 -4.749363
-3.145807 33.305836 -2.958498
-8.140274 41.275077 -0.810492
-3.321439 33.038651 -0.809383
-7.601952 42.459801 3.142476
-2.624891 34.117204 3.131227
-8.006982 41.573864 1.345289
-3.147817 33.309332 1.339885
2.842928 24.208004 3.207017
2.064519 23.701957 1.394275
11.153362 5.037041 4.114688
8.516602 8.084077 1.826939
7.829991 14.141745 3.449379
6.534097 14.395499 1.564643
18.691618 7.839261 -5.813492
20.241580 8.810715 -4.741025
13.117936 17.574659 -5.813493
14.431217 18.677480 -4.741025
7.828746 29.515625 -4.742925
6.742760 28.291009 -5.816023
5.415881 26.822156 -6.186125
11.447938 16.254209 -6.220525
16.635603 6.721916 -6.276972
-4.601939 48.931372 -4.760001
-5.279700 47.457109 -5.838781
1.221813 40.031481 -4.748616
0.349186 38.685947 -5.823607
-6.094812 45.687512 -6.198542
-0.698689 37.071114 -6.182003
-6.911047 43.918421 -5.839499
-1.747007 35.456482 -5.823894
4.041864 25.354816 -5.865637
9.589818 14.939614 -6.011675
14.187460 5.701365 -6.237458
20.241580 8.810715 3.123731
14.431214 18.677477 3.123731
21.171558 9.393586 1.336287
15.219182 19.339167 1.336287
7.827251 29.515326 3.126287
8.479242 30.249980 1.337905
8.696887 30.494993 -0.808239
15.481842 19.559733 -0.808649
21.481552 9.587879 -0.808649
1.215848 40.030285 3.133958
-4.616851 48.928379 3.149305
1.741020 40.837145 1.342762
-4.206207 49.811786 1.352478
-4.066182 50.107536 -0.804557
1.917336 41.106611 -0.807014
-4.197764 49.814456 -2.961989
1.744398 40.838213 -2.956943
8.480086 30.250247 -2.954422
21.171558 9.393593 -2.953581
15.219182 19.339171 -2.953581
14.158741 5.692660 4.650922
9.573970 14.934808 4.411043
4.036500 25.354894 4.252498
5.413207 26.822613 4.570096
11.443972 16.253007 4.607396
16.628424 6.719740 4.667367
-1.752608 35.461597 4.206552
-6.925046 43.931210 4.222080
-6.111646 45.695102 4.583494
-0.705421 37.074149 4.565609
-5.297120 47.458488 4.226106
0.342216 38.686499 4.208161
6.741014 28.291148 4.199189
13.117936 17.574659 4.196198
18.691618 7.839261 4.196198
-11.407005 46.834304 -2.978165
-11.097179 47.797991 -4.782719
-13.441195 50.872619 -4.808253
-13.666001 49.824068 -2.993222
-13.746479 49.485753 -0.814590
-11.513718 46.520022 -0.812334
-15.867030 53.005312 -4.858775
-15.966088 51.808095 -3.023012
-14.929415 52.373686 -4.834823
-15.084010 51.245103 -3.008886
-16.008815 51.428643 -0.819057
-15.143275 50.884537 -0.816940
-15.922258 53.085089 3.229594
-14.973408 52.437236 3.208062
-15.994456 51.857470 1.387129
-15.106607 51.284434 1.376788
-13.472728 50.918169 3.184173
-13.682198 49.852258 1.365316
-11.116736 47.826240 3.161218
-11.417050 46.851787 1.354291
-9.360811 53.302133 -5.864069
-8.854873 54.921620 -4.778977
-11.840574 58.653248 -4.802218
-12.198421 56.884147 -5.895041
-12.633646 54.759669 -6.259859
-9.971538 51.357782 -6.226101
-15.224607 61.944715 -4.848204
-15.360226 59.911675 -5.956327
-13.862623 60.777272 -4.826403
-14.096802 58.866284 -5.927271
-15.533142 57.469297 -6.326649
-14.385921 56.570925 -6.294985
-15.712397 55.029777 -5.960394
-14.680088 54.277843 -5.930512
-13.072492 52.636824 -5.897364
-10.584509 49.414442 -5.865507
-8.884694 54.915636 3.174880
-8.573158 55.885029 1.368670
-11.888654 58.643598 3.206202
-11.661092 59.701350 1.388504
-11.575096 60.058063 -0.795458
-8.463025 56.210721 -0.800468
-13.929707 60.763809 3.238793
-15.308821 61.927814 3.268180
-13.771263 61.905228 1.409139
-15.204932 63.141145 1.427744
-15.152544 63.552821 -0.785548
-13.704302 62.291464 -0.790244
-15.157241 63.156222 -3.001069
-13.733273 61.917240 -2.991409
-11.633862 59.709958 -2.980695
-8.556270 55.890368 -2.970397
-10.612510 49.440022 4.247962
-13.117638 52.678068 4.279665
-12.687928 54.784148 4.649810
-10.005203 51.372961 4.613301
-14.743076 54.335387 4.312650
-15.791471 55.102015 4.342383
-15.628216 57.512167 4.722045
-14.461656 56.605075 4.687798
-15.458626 59.919462 4.365128
-14.175185 58.872487 4.330764
-12.254601 56.888593 4.292646
-9.395653 53.304890 4.256013
39.436309 -23.265065 1.336287
38.618346 -23.675836 3.123731
36.409217 -20.525443 3.123731
37.401376 -20.171543 1.336287
37.732091 -20.053577 -0.808649
39.708965 -23.128146 -0.808649
31.969335 -13.239836 3.123731
33.232555 -12.937780 1.336287
34.164693 -17.015410 3.123731
35.320634 -16.702946 1.336287
33.653626 -12.837090 -0.808649
35.705943 -16.598791 -0.808649
31.969342 -13.239836 -4.741025
34.164693 -17.015410 -4.741025
33.232555 -12.937780 -2.953581
35.320634 -16.702946 -2.953581
36.409217 -20.525443 -4.741027
37.401376 -20.171543 -2.953581
38.618346 -23.675836 -4.741025
39.436309 -23.265065 -2.953581
37.255071 -24.360451 -5.813493
34.755627 -21.115277 -5.813493
32.713611 -21.797842 -6.183407
35.619145 -25.181985 -6.170980
32.238120 -17.536169 -5.813490
29.863973 -13.743265 -5.813493
26.936370 -14.151966 -6.277209
29.695445 -18.060160 -6.220684
18.140978 -13.295652 -5.647804
24.092940 -18.656943 -5.036858
23.206438 -14.169871 -6.238406
26.691171 -18.382277 -6.012306
28.734695 -22.958256 -4.814982
30.556206 -22.429939 -5.863196
32.619938 -26.688141 -4.741024
33.983213 -26.003519 -5.813490
31.801975 -27.098905 -2.953581
27.700386 -23.329446 -3.000896
27.379824 -23.475818 -0.804256
31.529319 -27.235831 -0.808649
22.768370 -19.038560 -3.142835
17.005148 -14.433435 -3.337465
16.699613 -14.754236 -0.762940
22.423713 -19.256342 -0.791089
16.995448 -14.436312 1.807389
18.120070 -13.301900 4.100155
22.765206 -19.039501 1.557533
24.088194 -18.658358 3.443651
28.733514 -22.958603 3.203709
27.699591 -23.329680 1.391598
32.619944 -26.688134 3.123731
31.801975 -27.098905 1.336287
33.983220 -26.003519 4.196198
30.555411 -22.430180 4.249120
32.713418 -21.797902 4.566918
35.619145 -25.181985 4.553687
23.196735 -14.172775 4.646182
26.688006 -18.383225 4.407882
26.933940 -14.152701 4.666182
29.694650 -18.060400 4.606608
29.863973 -13.743265 4.196198
32.238120 -17.536169 4.196198
34.755627 -21.115277 4.196198
37.255071 -24.360451 4.196198
20.897340 -10.108973 4.937714
15.920063 -8.679945 5.163624
14.480203 -4.579294 5.470674
19.093714 -5.806548 5.097578
22.745326 -5.855161 4.779032
24.802389 -10.258042 4.739065
13.079931 -0.262563 5.173304
17.089749 -0.880231 4.940875
20.208105 -0.422774 4.739856
22.680732 0.387178 4.196198
24.472208 1.209013 3.123731
27.551464 -4.651038 3.123731
25.557607 -5.328997 4.196198
29.907719 -9.292850 3.123731
27.794580 -9.856674 4.196198
31.175599 -8.954558 1.336287
28.747773 -4.244263 1.336287
29.146547 -4.108672 -0.808649
31.598225 -8.841791 -0.808649
25.547092 1.702115 1.336287
25.905385 1.866484 -0.808649
24.472208 1.209016 -4.741025
25.547092 1.702122 -2.953581
27.551464 -4.651035 -4.741027
28.747773 -4.244256 -2.953581
29.907719 -9.292850 -4.741025
31.175599 -8.954551 -2.953581
27.794580 -9.856674 -5.813493
25.557607 -5.328994 -5.813493
22.753938 -5.852551 -6.385829
24.808130 -10.256310 -6.347374
22.680732 0.387178 -5.813490
20.217014 -0.420073 -6.347215
13.177961 -0.232876 -6.681894
17.125398 -0.869439 -6.518436
14.569024 -4.552444 -6.978845
19.128174 -5.796128 -6.672882
15.979276 -8.662101 -6.683830
20.920311 -10.102047 -6.519067
10.409913 -9.721237 -3.542847
10.423739 -8.168725 -5.871268
3.638367 -3.584421 -6.377855
3.715665 -5.194665 -3.780523
3.693231 -5.710772 -0.653258
10.246161 -10.146321 -0.713614
-7.413148 4.026721 -7.523003
-7.352229 2.174816 -4.349680
-2.432016 0.579466 -6.969743
-2.344601 -1.146395 -4.072035
-7.349198 1.552452 -0.538249
-2.329307 -1.725737 -0.592022
-7.585936 3.975077 6.474071
-2.570444 0.538090 5.807777
-7.421343 2.154315 3.280076
-2.399973 -1.162824 2.893508
3.539446 -3.613988 5.085411
3.676275 -5.206348 2.477070
10.364528 -8.186429 4.446671
10.386946 -9.728053 2.114465
8.146777 2.217631 -7.192338
7.308904 5.413655 -5.859462
2.183340 8.748558 -6.358132
2.577868 5.927826 -7.910554
2.969219 2.558066 -8.422522
8.965194 -1.514224 -7.607907
-8.032688 17.556426 -7.488552
-7.827480 14.500996 -9.413215
-3.211487 13.194975 -6.942141
-2.982738 10.343437 -8.697328
-7.653801 10.812464 -10.058217
-2.766380 6.903956 -9.285150
-7.514682 7.113487 -9.426997
-2.577707 3.456107 -8.708369
3.356134 -0.806427 -7.918408
9.833171 -5.204695 -7.196919
7.111864 5.353901 4.485965
6.267712 7.461796 2.157113
1.848092 8.646887 5.152262
1.589942 10.406243 2.548110
1.538943 11.033951 -0.593821
5.868571 8.251170 -0.677131
-3.682140 13.052238 5.901625
-8.620178 17.378256 6.591210
-3.714185 14.794991 2.992873
-8.611982 19.251250 3.404108
-8.476777 19.915786 -0.434889
-3.618739 15.408123 -0.509220
-8.266400 19.356100 -4.280771
-3.437329 14.878992 -4.016830
1.786889 10.465997 -3.740896
6.382568 7.496643 -3.518524
9.711182 -5.241442 5.788281
3.157408 -0.866278 6.646725
2.671128 2.467960 7.175446
8.782213 -1.569532 6.217163
-2.854561 3.372734 7.574003
-7.860261 7.009419 8.412517
-8.172174 10.655774 9.085082
-3.181661 6.778426 8.183910
-8.449527 14.312577 8.481427
-3.481077 10.192489 7.629208
2.221588 5.819906 6.685995
7.932904 2.152853 5.811185
29.202336 46.117060 16.982245
27.901252 42.244544 28.907178
37.065286 34.136248 16.286856
34.791997 29.430416 27.733172
43.393469 14.718758 25.963172
46.612995 19.846400 15.243641
47.683080 21.536618 2.478435
37.818635 35.677720 2.626837
29.630664 47.374944 2.710096
58.331087 -10.759365 20.313250
62.073836 -7.037134 11.908511
52.047118 0.932464 23.470785
55.749579 5.568712 13.782937
63.320467 -5.802202 1.860608
56.981837 7.102499 2.233076
58.321627 -10.817517 -16.583600
52.028199 0.816153 -18.987770
62.070044 -7.060395 -8.185188
55.742009 5.522189 -9.312569
43.362553 14.528784 -20.984378
46.600632 19.770411 -10.281291
34.747830 29.159023 -22.462648
27.847632 41.914996 -23.478564
37.047623 34.027691 -11.028976
29.180887 45.985241 -11.559947
32.354845 -41.003556 20.313243
29.013153 -45.529741 11.908508
35.764035 -41.458633 16.547790
32.563408 -44.656376 9.624146
27.898314 -47.044281 1.860608
31.496154 -45.724625 1.330886
34.587960 -43.696668 0.731082
35.482079 -42.960456 7.213537
38.164130 -40.753563 12.618734
32.345379 -41.061708 -16.583596
35.760250 -41.481898 -13.882640
29.009368 -45.552999 -8.185186
32.561892 -44.665682 -6.961527
38.163182 -40.759384 -11.155732
35.481692 -42.962786 -5.751165
39.654845 -39.314311 -8.673692
37.663985 -40.815981 -4.663674
37.000365 -41.316527 0.148349
37.663985 -40.815968 4.960368
39.654845 -39.314305 8.970386
59.819712 -19.210880 -13.882643
52.074261 -17.079390 -21.689351
54.214177 -24.027753 -18.061995
57.978616 -24.870276 -11.155732
53.440735 -28.420257 -14.405140
48.015904 -32.716937 -15.491055
47.570026 -29.954838 -19.466226
44.783627 -24.960725 -23.419060
54.254472 -28.302043 -8.673694
50.936372 -30.804831 -11.079704
46.954658 -33.808171 -11.881708
42.972945 -36.811517 -11.079704
42.632323 -37.087051 -14.405139
41.090839 -36.175581 -18.061991
37.905392 -33.576223 -21.689349
63.184542 -16.311455 9.624150
59.823504 -19.187622 16.547793
57.979550 -24.864468 12.618738
60.701709 -22.737971 7.213541
61.609012 -22.029717 0.731082
64.304515 -15.355065 1.330886
54.254472 -28.302050 8.970390
56.245332 -26.800373 4.960368
56.908952 -26.299814 0.148349
56.245332 -26.800367 -4.663677
60.701341 -22.740294 -5.751167
63.183034 -16.320761 -6.961530
52.093187 -16.963079 25.429542
54.221761 -23.981230 20.731360
44.808234 -24.809513 27.165569
47.579873 -29.894356 22.138121
48.018374 -32.701817 16.955746
53.442631 -28.408628 15.869199
37.924332 -33.459905 25.429535
41.098416 -36.129058 20.731357
42.634219 -37.075408 15.869196
42.972945 -36.811517 11.376396
46.954665 -33.808177 12.178404
50.936372 -30.804831 11.376399
26.215539 62.789868 33.015443
26.480391 61.205466 32.245298
26.869799 66.418394 19.240341
27.125666 64.511031 18.788809
26.325214 59.752993 31.576485
26.932965 62.710983 18.421444
27.054770 63.734069 2.544575
27.233279 65.665617 2.493770
26.959027 67.683295 2.506687
24.711850 56.514060 30.535600
25.343693 59.511822 17.899543
25.669171 57.969449 30.990016
26.299105 60.925775 18.121457
25.524525 60.497169 2.710554
26.455825 61.922168 2.627751
25.256278 59.425624 -12.474914
24.540894 56.252716 -25.100407
26.149509 60.908457 -12.858908
25.390356 57.834461 -25.706330
25.921800 59.748280 -26.442115
26.710951 62.765438 -13.320988
25.594930 62.839702 -27.935999
26.521354 66.513942 -14.210451
25.957002 61.257301 -27.195246
26.833604 64.603087 -13.785635
24.325532 50.004823 -24.088114
25.098317 53.334268 -11.878529
23.215537 54.316971 -24.453481
23.763056 57.200689 -12.076220
23.953237 58.192203 2.776747
25.361334 54.477425 2.760051
23.551643 55.739910 -24.736850
24.138255 58.710421 -12.244517
24.348984 59.726315 2.760238
23.652823 56.046054 30.262957
24.186340 58.825543 17.766396
23.279630 54.631944 30.009233
23.790590 57.324845 17.630284
24.379783 50.338248 29.611587
25.120013 53.467637 17.399471
19.902941 29.628873 44.165157
21.180337 38.260885 43.356454
21.472099 40.872988 45.069123
22.218819 42.844539 44.132253
22.359730 45.251646 41.871827
23.294083 47.628178 42.475285
24.111652 50.649053 42.028800
23.756344 49.356021 43.498580
23.307121 49.335497 44.347278
23.627048 51.548353 38.062287
24.555848 53.103366 38.601245
25.211230 54.916911 39.276581
24.958127 56.868347 40.856904
25.267073 55.815064 40.009074
19.385613 34.014530 47.169966
21.195981 43.834067 46.782887
23.005662 51.841639 45.555396
22.754986 54.352132 45.551177
21.484486 50.389643 47.137315
19.657672 43.102511 48.248215
24.519142 59.147290 41.878236
25.611526 64.969199 33.905890
24.684870 66.838259 34.856647
23.745269 60.606749 42.961772
23.452101 67.491840 35.807710
22.162055 67.366530 36.912601
22.431644 59.201582 43.996188
20.838046 55.570219 45.297219
25.732777 35.790352 36.135594
23.146066 45.122597 36.968237
22.424851 50.146835 37.438455
21.947460 45.296735 40.174979
21.911008 40.108890 40.845028
23.318016 29.737344 40.136420
22.750947 51.425798 37.738915
21.811867 45.195360 41.441403
21.166748 37.585327 42.617572
21.278043 27.068386 42.378581
16.820391 -19.919742 39.388913
14.625951 -35.322484 31.296839
21.216940 -21.909614 36.049184
18.441215 -35.958427 28.689029
22.951712 -36.794267 26.202136
26.660636 -23.882910 32.911188
30.697738 -5.552137 36.403584
23.230190 -4.973619 40.041465
18.806825 -2.103927 43.498006
27.836831 -38.962367 23.470782
32.670753 -28.555433 29.430394
38.872504 -16.871067 31.478138
45.876363 -6.794618 29.430394
38.027592 6.172688 32.585860
31.003178 21.587363 34.747866
26.631142 14.513997 38.919229
19.499484 14.376931 44.602557
22.608207 12.117226 41.835565
24.217870 56.589953 -35.694878
24.633840 55.562119 -34.880888
24.707620 54.625781 -34.085679
23.580358 50.050362 -36.772810
23.123946 48.672898 -38.262056
22.574241 48.588469 -39.070276
24.188536 52.650010 -33.282326
23.380304 50.933972 -32.609474
22.040523 44.232011 -36.399427
22.851610 46.803916 -37.121449
19.457293 28.076584 -38.627412
20.848086 39.659034 -39.645369
20.787577 36.909451 -37.867581
21.687137 41.744995 -38.758249
20.214086 55.001512 -39.382192
21.621488 67.072199 -30.906801
21.678679 58.694095 -38.229015
22.815908 67.279038 -29.991270
24.000134 66.754882 -29.312606
22.925837 60.234421 -37.414467
21.946055 53.703821 -40.003859
20.724502 49.548465 -41.454636
19.047865 42.199009 -42.452116
24.934555 64.973666 -28.634650
23.710388 58.840213 -36.554581
22.197403 51.117241 -40.144346
18.835543 32.757152 -41.512805
20.487424 42.731818 -41.235459
20.989338 25.707955 -36.881170
20.889429 36.297305 -37.088178
21.585239 44.177273 -35.904963
21.773668 44.395206 -34.629159
21.727743 39.086693 -35.314382
23.133225 28.705186 -34.676374
22.586641 50.776835 -32.205760
22.306180 49.507720 -31.879884
23.037559 44.455748 -31.440545
25.625532 35.131256 -30.696439
22.557368 74.318603 -15.629688
21.857482 76.706291 -16.357423
20.656490 66.660437 -32.295354
19.649995 69.280180 -33.889416
20.953780 80.483738 -17.211002
21.450216 84.238173 3.014182
22.347480 80.087400 3.057474
22.984337 76.766163 3.039209
18.331093 78.167857 -35.421481
15.448043 88.032061 -36.672364
19.297563 86.557989 -18.044150
15.947800 92.424952 -18.729927
16.131116 93.876961 2.867066
19.656283 89.357442 2.940779
15.987281 92.367354 24.457176
15.505601 87.875376 42.378942
19.388954 86.552041 23.911937
18.477298 78.127619 41.247928
19.915668 69.386705 39.838543
21.112965 80.540248 23.219554
21.063585 66.898914 38.324817
22.093756 76.814645 22.450999
22.865028 74.440328 21.689947
13.309285 -44.564131 18.243302
16.775783 -44.387718 16.791276
12.864826 -47.669596 2.711472
16.216138 -47.221401 2.627381
19.981464 -47.141546 2.478572
20.726361 -44.541086 15.369745
14.570209 -35.571676 -25.854444
18.396208 -36.197678 -23.412998
13.286989 -44.663806 -12.815499
16.757779 -44.483415 -11.531196
22.920587 -36.976214 -21.221963
20.713908 -44.613858 -10.406846
27.817899 -39.078678 -18.987767
24.928901 -45.253052 -9.312567
23.967800 -47.299554 2.233076
24.936477 -45.206536 13.782933
26.157921 68.525548 19.792830
26.199664 69.753579 2.614654
25.148058 71.897356 2.770722
25.138618 70.618278 20.401122
25.778092 68.590538 -14.553039
24.754714 70.626045 -14.859034
23.602125 72.413626 -15.174070
23.997077 74.135518 2.927928
23.960487 72.482373 21.020075
21.126924 -22.388116 -30.746564
16.708913 -20.418131 -33.922207
18.611266 -2.936897 -37.998369
23.077396 -5.760292 -34.692075
30.602128 -6.115337 -31.307648
26.598391 -24.246790 -27.902236
19.185451 13.138298 -39.062525
22.375097 10.980244 -36.409708
26.480124 13.659825 -33.581412
30.914852 21.044577 -29.456257
37.965768 5.792739 -27.579662
45.838511 -7.027240 -24.926301
38.823297 -17.173477 -26.961397
32.632895 -28.788056 -24.926297
-16.230111 62.806594 -4.864299
-16.208506 64.070917 -3.008202
-16.221731 64.484036 -0.782076
-16.963537 65.512385 -0.737132
-16.937465 65.077399 -3.223421
-16.926114 63.743498 -5.290923
-16.326970 62.787156 3.289869
-16.263359 64.053574 1.441479
-17.033348 63.718641 3.804511
-16.997705 65.056714 1.746116
-17.707548 67.305279 8.315201
-17.698807 68.991893 4.411197
-17.477143 65.099080 5.312739
-17.459132 66.564756 2.637431
-17.671736 69.569606 -0.351996
-17.429646 67.065150 -0.608007
-17.577553 67.364697 -9.040665
-17.359602 65.136003 -6.544299
-17.630071 69.030011 -5.120557
-17.394521 66.591739 -3.857334
-16.559239 53.471617 -4.876459
-16.474512 55.584902 -5.982454
-16.380094 58.132532 -6.350026
-16.961321 58.772363 -6.887899
-16.995630 55.971499 -6.384940
-17.032217 53.616627 -5.101509
-16.292967 60.683448 -5.977776
-16.936106 61.502424 -6.517822
-17.517925 64.565263 -11.258494
-17.330732 62.689422 -8.102661
-17.464765 60.828758 -11.598260
-17.311362 59.600526 -8.463050
-17.431658 56.352236 -9.884174
-17.425201 52.318857 -7.028257
-17.304947 56.217850 -7.556098
-17.312145 53.284367 -5.747564
-16.617294 52.223732 -3.033440
-17.064260 52.224540 -3.130171
-17.089668 51.783758 -0.811440
-16.647810 51.830337 -0.820622
-17.333615 51.543047 -3.403201
-17.451994 49.911780 -3.942533
-17.499591 49.122350 -0.720049
-17.363793 50.983049 -0.781312
-17.607423 52.361807 5.762977
-17.428019 53.363637 4.261827
-17.555550 49.941911 2.546134
-17.397117 51.593527 1.859796
-17.112239 53.710192 3.506116
-17.106357 52.282802 1.514164
-16.622761 53.563375 3.245496
-16.649922 52.280520 1.394766
-16.565460 55.667990 4.364340
-17.105224 56.054449 4.823903
-17.088146 58.818788 5.362333
-16.489447 58.181840 4.747329
-17.450935 56.282533 6.166471
-17.642768 56.373384 8.837426
-17.669171 60.813288 10.756245
-17.467122 59.627706 7.165742
-17.694216 64.518164 10.506193
-17.477831 62.676643 6.851673
-17.063841 61.506426 5.016227
-16.406141 60.692404 4.390495
-11.127829 6.402242 6.944602
-11.395239 9.577609 9.004670
-13.454939 7.277282 7.893546
-13.718092 10.865602 10.249121
-14.020502 15.188585 11.076136
-11.696425 13.393918 9.721482
-14.826081 6.057895 9.995086
-15.500076 2.201779 13.923397
-15.087428 10.661686 13.044545
-15.761842 8.754165 18.289602
-16.109100 16.706842 19.998963
-15.410497 16.235505 14.132067
-16.995088 32.399398 13.742218
-15.959879 26.327149 9.854766
-16.522629 24.839322 18.450597
-15.752476 21.908050 12.958762
-14.451383 23.116463 7.965177
-14.296158 19.545769 10.290447
-12.107371 20.433248 7.078194
-11.958199 17.222140 9.083253
-17.257636 78.144792 51.403173
-17.252948 86.782200 56.144464
-17.361109 81.245544 49.265374
-17.308014 87.973792 54.707688
-16.871295 91.567323 57.765225
-17.078336 91.740130 56.298836
-17.218541 91.108691 53.272816
-17.344529 88.805263 51.928566
-17.424545 83.410434 46.182860
-15.739530 93.755624 55.782065
-12.984955 94.848432 48.403672
-16.470004 93.452559 53.178461
-15.759554 94.022586 43.424913
-16.928005 92.662007 40.207857
-17.103874 92.211817 50.265657
-17.462667 86.581855 32.712519
-17.454329 85.216620 41.290158
-17.367218 90.309957 36.959251
-17.362077 89.624311 46.630714
-11.213178 68.767994 59.974741
-5.576781 69.196754 61.200404
-11.109796 83.417737 60.950531
-5.167663 83.930592 61.590720
0.667411 67.994880 61.689600
1.516252 82.342846 61.757733
2.089656 90.313846 60.001992
-5.054930 91.848791 60.248993
-11.219789 91.216957 60.282252
9.012749 56.951056 60.949931
11.283982 64.146708 60.569214
5.906649 63.431623 61.522961
7.325093 76.458909 61.405215
13.325277 71.823566 58.334063
8.647617 84.377819 59.425436
14.675378 80.380284 52.970946
9.387133 89.847260 53.957070
9.757732 93.383673 43.057555
2.377593 95.698285 43.817973
2.307548 94.182322 54.715953
-5.490915 95.864984 45.194440
-5.294098 95.096843 55.677784
-11.699793 94.307285 56.912335
-17.461756 87.423903 18.575229
-17.366502 90.741229 21.059305
-16.793072 92.944030 23.045372
-16.732540 93.059426 2.333596
-17.359257 90.913122 2.049714
-17.450170 87.736163 1.663116
-11.696624 95.369736 26.423336
-15.223527 94.361732 25.116530
-11.357835 95.530644 2.666360
-14.996987 94.486935 2.534428
-12.969385 94.961432 -43.033651
-15.740729 94.128219 -38.349885
-11.689851 95.419287 -21.081977
-15.214997 94.415138 -20.040273
-16.900592 92.787691 -35.522037
-16.779883 93.009725 -18.372055
-17.322484 90.458772 -32.823050
-17.389251 86.744983 -29.346255
-17.344811 90.820637 -16.950687
-17.426478 87.512053 -15.238989
9.973508 95.503487 24.784313
10.040182 96.228511 2.822839
2.588149 96.936551 2.788272
2.507439 96.611757 25.226373
9.749087 93.581367 -37.422898
9.963468 95.580539 -19.141392
2.389633 95.886013 -38.239038
2.510757 96.686498 -19.649150
-5.474916 96.016213 -39.686752
-5.244143 96.404576 -20.623809
-5.020323 96.525553 2.743545
-5.251119 96.343457 26.116326
-14.629036 68.439345 57.931971
-14.693293 82.999863 59.883538
-14.838568 90.652635 60.217564
-16.131273 88.696723 59.551941
-16.516996 83.285404 58.626286
-16.401505 69.572967 55.588743
-15.191515 93.530101 58.489420
-16.705941 90.982776 59.095055
-17.179745 84.882794 57.415297
-17.107737 73.531025 53.461719
-17.483734 81.249837 -24.184972
-17.541584 82.748142 -12.699782
-17.573709 75.447007 -18.436029
-17.645730 77.517388 -9.854282
-17.692484 78.180407 0.598940
-17.578311 83.216691 1.154153
-17.626953 70.810162 -13.196251
-17.694517 72.808285 -7.223707
-17.741487 73.453036 0.073607
-17.767891 72.752319 7.363187
-17.773754 70.714040 13.312532
-17.722326 75.313836 19.607052
-17.717005 77.443434 11.045451
-17.599833 81.093131 26.501081
-17.596776 82.662633 15.010037
-17.590345 78.515335 33.260502
-17.711483 71.798983 24.405560
-17.679700 65.088706 26.002926
-17.544805 75.007381 37.350235
-17.759104 67.346102 16.589139
-17.737101 62.580229 16.732517
-17.687779 50.542802 8.259943
-17.720901 56.348142 13.282174
-17.643629 47.082942 10.874689
-17.679989 54.388937 17.977846
-17.222795 39.932435 24.477130
-17.449516 41.158553 12.729197
-17.514691 48.677903 21.401566
-17.249074 50.133321 34.789329
-17.504120 58.888477 31.010297
-17.258517 64.399635 44.024734
-17.439703 70.647398 40.832244
10.551402 -44.888024 19.921598
11.826521 -33.754070 34.390908
9.348043 -34.837900 37.435858
8.128593 -46.559056 21.573552
7.718597 -50.473839 2.788609
10.120514 -48.616614 2.762804
6.495635 -42.158695 39.896301
3.482418 -50.882119 41.703132
5.667312 -50.776877 22.946547
3.157217 -55.373537 23.974488
3.064134 -56.871282 2.794731
5.394448 -53.652657 2.796110
3.194531 -55.376995 -18.382261
3.539769 -50.892333 -36.102644
5.670716 -50.789467 -17.348819
6.489780 -42.190786 -34.282035
9.303339 -34.915612 -31.829132
8.112147 -46.590079 -15.988958
11.768035 -33.926785 -28.839878
10.528010 -44.957104 -14.389636
-10.930775 6.461139 -7.913710
-11.001124 9.696296 -9.934485
-11.105252 13.572617 -10.604149
-13.392274 15.383209 -11.782468
-13.301197 10.994777 -11.004420
-13.246491 7.341396 -8.699864
-11.248788 17.437024 -9.918769
-11.437374 20.636440 -7.874418
-13.725364 23.338471 -8.642086
-13.534213 19.780209 -10.972331
-16.209955 32.656059 -13.858208
-15.785566 25.104863 -18.189506
-15.196479 26.565972 -10.333895
-14.971300 22.159239 -13.332248
-15.543728 16.926444 -19.582523
-14.786419 16.443046 -14.452698
-15.318594 2.274141 -13.690509
-14.621898 6.126171 -10.439464
-15.398885 8.899753 -17.925973
-14.679062 10.799179 -13.410388
-17.337058 85.428357 -37.873853
-17.291607 89.822516 -42.448541
-17.060165 92.386086 -45.566800
-17.154556 91.311082 -48.635234
-17.250778 89.033853 -47.643533
-17.264864 83.653316 -42.639603
-16.437352 93.608043 -48.136718
-15.709418 93.915414 -50.529170
-16.812984 91.769744 -52.696749
-17.018698 91.941323 -51.421363
-17.055862 78.424318 -47.281879
-17.167629 81.511011 -45.461333
-17.141455 87.028360 -51.431326
-17.198597 88.214762 -50.224403
-16.765685 32.098859 5.904609
-17.286699 37.473304 5.716347
-17.537919 42.910549 4.879378
-17.403667 41.620689 -0.501980
-17.090439 36.614288 -0.402058
-16.526920 31.882490 -0.336809
-17.615010 47.057168 3.687652
-17.526467 45.895803 -0.617463
-17.397566 50.564126 -9.157228
-17.446026 47.063269 -4.838167
-17.211026 47.183588 -11.384098
-17.281685 42.962294 -5.763287
-16.847373 41.340659 -12.958497
-16.924941 37.573639 -6.391087
-16.323415 32.234347 -6.468508
-10.888565 4.520223 -4.545751
-13.213668 5.149557 -4.930474
-13.223571 4.412658 -0.423567
-10.894199 3.867478 -0.500271
-14.587601 3.322556 -5.774076
-15.270422 -1.701054 -7.346784
-15.272512 -3.033241 0.064145
-14.596587 2.381313 -0.253603
-15.343014 -1.729830 7.501227
-14.669274 3.295432 5.282575
-13.297046 5.124099 4.093543
-10.967385 4.496842 3.553066
-11.676642 22.517792 -4.467167
-11.907477 23.099055 -0.382394
-14.202436 25.692622 -0.347350
-13.964079 25.210697 -4.859810
-12.070758 22.398214 3.694518
-14.392507 25.079980 4.173444
-15.879218 28.140639 5.150226
-15.653250 28.431185 -0.325364
-15.424733 28.281458 -5.742504
-10.863838 -34.732290 60.311118
-7.580288 -34.344485 61.334946
-11.306048 -11.161457 58.604710
-7.422439 -10.783535 60.652394
-3.657311 -32.388619 61.723233
-2.788580 -9.552892 61.523161
-1.550671 17.695862 61.386523
-6.910895 17.342690 60.223626
-11.450739 16.985225 57.532830
0.333061 -27.253021 61.522961
3.382269 -20.488146 60.949931
1.875449 -6.618426 61.405215
5.760064 -4.744341 60.569214
8.188858 18.167326 60.233639
3.712560 17.984086 61.287468
9.243675 41.154075 60.569214
4.879383 42.637060 61.405215
-0.376785 44.995501 61.503935
-6.226767 45.501786 60.575503
-11.373305 45.126100 58.412503
4.012364 -27.429827 60.569214
0.050407 -40.002231 61.405215
-3.723666 -46.449167 61.796172
-3.328612 -54.081825 59.953259
0.326078 -47.611517 59.381030
4.382546 -34.911774 58.223032
-7.203332 -48.807780 61.744488
-10.048702 -49.145624 61.334946
-9.066168 -56.667425 59.996117
-6.504487 -56.404122 60.098496
-8.121754 -59.563700 54.614489
-7.324271 -60.048784 43.509962
-5.696680 -59.364236 54.614489
-4.954145 -59.898174 43.509955
-2.314780 -58.892857 43.329277
-2.813116 -57.633883 54.405719
0.521509 -56.173843 42.787229
0.458661 -52.826356 53.779423
4.048379 -43.395373 52.526831
-16.940070 73.816125 -49.044059
-17.085741 85.137749 -52.504478
-16.655003 91.204584 -53.887484
-16.081860 88.951361 -54.308034
-16.447432 83.564803 -53.532933
-16.283421 69.880665 -50.873850
-11.676593 94.531713 -51.447742
-15.162610 93.735209 -53.115016
-11.187961 91.552179 -54.798600
-14.804462 90.922261 -54.828981
-11.065196 83.850938 -55.518282
-11.152446 69.262204 -54.664004
-14.642507 83.331393 -54.605765
-14.549091 68.812177 -52.897214
-5.508864 69.882287 -55.724082
-5.109729 84.536828 -56.065792
-5.011045 92.313374 -54.705100
2.143950 90.900385 -54.420841
1.588757 83.101935 -56.183291
0.748254 68.841477 -56.127916
-5.264996 95.396162 -50.146300
2.339135 94.559531 -49.134512
9.402751 90.252806 -48.336192
14.642530 80.719030 -47.298809
13.334960 72.369941 -52.696419
8.694687 85.007753 -53.818180
9.072693 57.747331 -55.341009
5.985496 64.308835 -55.925975
11.329017 64.868893 -54.952375
7.395128 77.259128 -55.805772
-10.730140 -34.423886 -54.941046
-11.203532 -10.777136 -53.451293
-7.470137 -34.021620 -55.834899
-7.344502 -10.333741 -55.238997
-11.355521 17.436569 -52.517863
-6.839085 17.916770 -54.865624
-1.486601 18.364249 -55.853197
-2.724950 -9.056910 -55.976591
-3.572096 -32.063424 -56.155620
-11.293858 45.620215 -53.292985
-6.156260 46.165523 -55.175674
-0.302869 45.796313 -55.960763
4.947218 43.458785 -55.805772
9.287154 41.881174 -54.952375
8.210320 18.742054 -54.609810
3.765292 18.666507 -55.685576
5.783195 -4.316307 -54.952375
3.418251 -20.175816 -55.341009
1.924706 -6.110474 -55.805772
0.392181 -26.925069 -55.925975
-13.915663 -45.689163 38.673223
-14.906319 -31.036892 33.836483
-13.766618 -48.435475 22.022044
-14.765843 -36.252218 19.041672
-15.536630 -15.696588 27.563482
-15.381585 -22.547873 15.275671
-15.319230 -24.823679 1.198994
-14.706680 -37.982892 1.800903
-13.696438 -49.343493 2.297130
-15.735737 -4.833375 20.352660
-15.577213 -10.692341 11.130556
-15.510616 -12.637686 0.584213
-15.598179 -4.756020 -19.011002
-15.522191 -10.661539 -9.918826
-15.439463 -15.616733 -24.954634
-15.341282 -22.515976 -12.824965
-14.821265 -30.960408 -30.075103
-13.806527 -45.618881 -33.999178
-14.726072 -36.221437 -15.399971
-13.708586 -48.406769 -17.407837
-6.782523 -60.337062 25.002416
-8.896209 -60.456284 25.002416
-9.352845 -60.203721 43.509955
-11.102416 -58.853410 43.026286
-10.779707 -59.333314 24.704378
-10.616624 -59.485848 2.743735
-8.673708 -60.532380 2.793356
-6.525531 -60.424855 2.793356
-12.635526 -54.488283 41.575265
-12.420541 -55.727778 23.810266
-12.311977 -56.133675 2.594867
-12.320854 -55.700821 -18.612556
-12.458192 -54.424023 -36.353622
-10.844408 -58.792160 -37.530845
-10.631937 -59.306858 -19.214916
-9.033329 -60.139674 -37.923254
-6.981872 -59.984390 -37.923254
-8.710898 -60.428139 -19.415704
-6.582308 -60.308523 -19.415704
4.037785 -27.263455 -54.952372
0.134445 -39.830211 -55.805772
4.405113 -34.896213 -52.599858
0.441498 -47.549266 -53.779558
-3.124302 -53.971062 -54.365025
-3.582218 -46.251553 -56.214954
4.091204 -43.418958 -46.912565
0.603344 -52.805615 -48.181693
0.665732 -56.160311 -37.195009
-2.080469 -58.856868 -37.741190
-2.567325 -57.571705 -48.816260
-4.646962 -59.844174 -37.923254
-5.369837 -59.268880 -49.027780
-7.753233 -59.448797 -49.027780
-8.750458 -56.492608 -54.431071
-6.228885 -56.252736 -54.520456
-9.827604 -48.906680 -55.834899
-7.013626 -48.582467 -56.192443
-16.543481 40.211872 -23.497209
-16.914901 48.904651 -20.812043
-17.230741 54.532795 -17.843981
-17.319046 65.271959 -24.967063
-17.035308 59.137905 -29.369253
-16.741229 50.421782 -32.646314
-17.404957 56.402938 -13.757413
-17.456072 62.668789 -16.816312
-17.538770 67.450764 -16.511524
-17.473388 71.961894 -23.268112
-17.401901 78.714618 -30.934632
-17.283609 75.237303 -34.903832
-17.116374 70.912708 -38.047649
-16.917237 64.690696 -40.797371
-14.519142 44.838634 54.807504
-16.208281 47.314382 50.754113
-16.070507 16.554207 43.925879
-14.252831 16.684132 53.048151
-16.984726 55.228341 47.245935
-16.864810 37.749666 38.793092
-16.802091 28.869926 28.128342
-16.359002 16.774763 29.786517
-15.999940 4.931328 26.882966
-15.792639 -4.277842 36.220857
-14.140111 -41.110975 49.156987
-15.130858 -22.344370 43.699486
-13.970136 -36.877086 55.218948
-14.911260 -14.427166 50.271145
-12.935915 -35.163676 58.604723
-13.719324 -11.537761 55.191925
-11.919897 -49.530239 60.652394
-12.868453 -50.456776 58.187638
-11.818554 -55.571352 57.847670
-10.878276 -56.960763 59.825472
-12.945912 -52.420366 52.431488
-11.565988 -58.050314 54.068742
-10.018063 -59.778571 54.614489
-9.666551 -59.663101 -49.027780
-11.272804 -57.937601 -48.563324
-11.539629 -55.415394 -52.377970
-10.567221 -56.788990 -54.282096
-12.735007 -52.298100 -47.169954
-13.993719 -40.973415 -44.383211
-13.806275 -36.666540 -50.290422
-12.647529 -50.275316 -52.864196
-12.780302 -34.894444 -53.451293
-11.691983 -49.307898 -55.238997
7.885760 -27.794635 50.439173
11.382853 -15.302540 47.445506
14.386790 18.143484 54.121293
8.763751 -13.901186 56.320532
13.951713 -15.197478 43.474888
16.206418 5.054094 47.883293
17.870071 21.272983 48.325873
17.763737 33.149622 50.140287
19.224241 50.351086 47.180593
17.831982 50.774306 49.304561
16.903009 64.070001 51.327391
14.828970 50.433932 56.542580
12.418033 43.274161 59.285767
11.188259 18.205552 58.532185
8.055674 -6.694840 59.285767
7.845299 -27.860070 -44.797346
8.703149 -13.920766 -50.661743
14.209697 17.984894 -48.403226
11.286265 -15.458285 -41.801900
8.029228 -6.496290 -53.642221
11.142190 18.509392 -52.872962
12.410076 43.791716 -53.642221
14.758561 50.721402 -50.854865
16.775163 64.201222 -45.569834
17.565207 50.630747 -43.454485
18.777224 49.938954 -41.257976
17.347933 32.491179 -44.346284
17.496868 20.266452 -42.661259
15.990305 4.439754 -42.260973
13.834748 -15.542913 -37.892085
-14.396559 45.214186 -50.155169
-14.099282 17.036136 -48.604930
-15.806359 16.819133 -40.572680
-16.015855 47.622728 -46.629761
-13.571632 -11.223254 -50.471785
-14.737418 -14.189264 -46.000795
-14.989505 -22.192331 -39.738642
-15.605495 -4.117918 -33.348429
-15.724825 5.086748 -25.324764
-15.920237 17.007719 -28.139622
-16.202525 29.147826 -26.735085
-16.436858 38.036969 -36.142258
-16.703241 55.521134 -43.584284
-4.270740 -60.191879 -19.415704
-1.832924 -59.629923 -19.312359
-1.803554 -59.892513 2.793493
-4.214388 -60.314865 2.793356
0.674410 -58.174389 -19.002327
0.643712 -58.847943 2.793907
0.587970 -58.181065 24.591245
-1.971214 -59.646279 24.899623
-4.451118 -60.216005 25.002409
2416
0 1 2
2 1 3
1 4 3
3 4 5
5 6 3
3 6 7
8 2 7
7 2 3
9 10 11
11 10 12
13 14 12
12 14 11
6 5 14
14 5 11
4 9 5
5 9 11
15 16 17
17 16 18
19 20 18
18 20 17
20 6 17
17 6 14
13 15 14
14 15 17
21 22 23
23 22 24
22 8 24
24 8 7
6 20 7
7 20 24
20 19 24
24 19 23
25 26 27
27 26 28
26 29 28
28 29 30
31 32 30
30 32 28
32 33 28
28 33 27
34 35 36
36 35 37
38 39 37
37 39 36
39 31 36
36 31 30
29 34 30
30 34 36
10 9 40
40 9 41
9 4 41
41 4 42
31 39 42
42 39 41
39 38 41
41 38 40
1 0 43
43 0 44
33 32 44
44 32 43
32 31 43
43 31 42
4 1 42
42 1 43
45 46 47
47 46 48
49 50 48
48 50 47
51 52 50
50 52 47
52 53 47
47 53 45
54 55 56
56 55 57
55 58 57
57 58 59
59 51 57
57 51 50
50 49 57
57 49 56
35 34 60
60 34 61
34 29 61
61 29 62
51 59 62
62 59 61
59 58 61
61 58 60
26 25 63
63 25 64
53 52 64
64 52 63
52 51 63
63 51 62
29 26 62
62 26 63
65 21 66
66 21 23
19 67 23
23 67 66
67 68 66
66 68 69
70 65 69
69 65 66
16 71 18
18 71 72
71 73 72
72 73 74
68 67 74
74 67 72
67 19 72
72 19 18
75 54 76
76 54 56
49 77 56
56 77 76
77 68 76
76 68 74
73 75 74
74 75 76
46 78 48
48 78 79
78 70 79
79 70 69
68 77 69
69 77 79
77 49 79
79 49 48
80 81 82
82 81 83
81 84 83
83 84 85
86 87 85
85 87 83
87 88 83
83 88 82
89 90 91
91 90 92
90 93 92
92 93 94
86 85 94
94 85 92
85 84 92
92 84 91
95 96 97
97 96 98
96 99 98
98 99 100
86 94 100
100 94 98
94 93 98
98 93 97
101 102 103
103 102 104
102 88 104
104 88 87
86 100 87
87 100 104
100 99 104
104 99 103
105 106 107
107 106 108
109 110 108
108 110 107
110 111 107
107 111 112
113 105 112
112 105 107
114 115 116
116 115 117
115 118 117
117 118 119
111 110 119
119 110 117
110 109 117
117 109 116
120 89 121
121 89 91
84 122 91
91 122 121
122 111 121
121 111 119
118 120 119
119 120 121
81 80 123
123 80 124
124 113 123
123 113 112
111 122 112
112 122 123
122 84 123
123 84 81
125 126 127
127 126 128
126 129 128
128 129 130
131 132 130
130 132 128
132 133 128
128 133 127
134 135 136
136 135 137
138 139 137
137 139 136
139 131 136
136 131 130
129 134 130
130 134 136
140 114 141
141 114 116
109 142 116
116 142 141
142 131 141
141 131 139
138 140 139
139 140 141
106 143 108
108 143 144
143 133 144
144 133 132
131 142 132
132 142 144
142 109 144
144 109 108
145 101 146
146 101 103
103 99 146
146 99 147
148 149 147
147 149 146
149 150 146
146 150 145
96 95 151
151 95 152
153 154 152
152 154 151
154 148 151
151 148 147
99 96 147
147 96 151
135 134 155
155 134 156
134 129 156
156 129 157
148 154 157
157 154 156
154 153 156
156 153 155
126 125 158
158 125 159
150 149 159
159 149 158
149 148 158
158 148 157
129 126 157
157 126 158
90 89 160
160 89 161
162 163 161
161 163 160
163 164 160
160 164 165
93 90 165
165 90 160
166 167 168
168 167 169
167 170 169
169 170 171
164 163 171
171 163 169
163 162 169
169 162 168
172 173 174
174 173 175
173 176 175
175 176 177
164 171 177
177 171 175
171 170 175
175 170 174
178 95 179
179 95 97
93 165 97
97 165 179
165 164 179
179 164 177
176 178 177
177 178 179
115 114 180
180 114 181
182 183 181
181 183 180
183 184 180
180 184 185
118 115 185
185 115 180
186 187 188
188 187 189
187 190 189
189 190 191
184 183 191
191 183 189
183 182 189
189 182 188
192 166 193
193 166 168
162 194 168
168 194 193
194 184 193
193 184 191
190 192 191
191 192 193
89 120 161
161 120 195
120 118 195
195 118 185
184 194 185
185 194 195
194 162 195
195 162 161
135 196 137
137 196 197
196 198 197
197 198 199
200 201 199
199 201 197
201 138 197
197 138 137
202 203 204
204 203 205
206 207 205
205 207 204
207 200 204
204 200 199
198 202 199
199 202 204
208 186 209
209 186 188
182 210 188
188 210 209
210 200 209
209 200 207
206 208 207
207 208 209
114 140 181
181 140 211
140 138 211
211 138 201
200 210 201
201 210 211
210 182 211
211 182 181
95 178 152
152 178 212
178 176 212
212 176 213
214 215 213
213 215 212
215 153 212
212 153 152
173 172 216
216 172 217
218 219 217
217 219 216
219 214 216
216 214 213
176 173 213
213 173 216
203 202 220
220 202 221
202 198 221
221 198 222
214 219 222
222 219 221
219 218 221
221 218 220
196 135 223
223 135 155
153 215 155
155 215 223
215 214 223
223 214 222
198 196 222
222 196 223
55 54 224
224 54 225
226 227 225
225 227 224
227 228 224
224 228 229
58 55 229
229 55 224
230 231 232
232 231 233
231 234 233
233 234 235
228 227 235
235 227 233
227 226 233
233 226 232
236 237 238
238 237 239
237 240 239
239 240 241
228 235 241
241 235 239
235 234 239
239 234 238
242 35 243
243 35 60
58 229 60
60 229 243
229 228 243
243 228 241
240 242 241
241 242 243
35 242 37
37 242 244
242 240 244
244 240 245
246 247 245
245 247 244
247 38 244
244 38 37
237 236 248
248 236 249
250 251 249
249 251 248
251 246 248
248 246 245
240 237 245
245 237 248
252 253 254
254 253 255
253 256 255
255 256 257
246 251 257
257 251 255
251 250 255
255 250 254
258 10 259
259 10 40
38 247 40
40 247 259
247 246 259
259 246 257
256 258 257
257 258 259
10 258 12
12 258 260
258 256 260
260 256 261
262 263 261
261 263 260
263 13 260
260 13 12
253 252 264
264 252 265
266 267 265
265 267 264
267 262 264
264 262 261
256 253 261
261 253 264
268 269 270
270 269 271
272 273 271
271 273 270
273 262 270
270 262 267
266 268 267
267 268 270
16 15 274
274 15 275
15 13 275
275 13 263
262 273 263
263 273 275
273 272 275
275 272 274
71 16 276
276 16 274
272 277 274
274 277 276
277 278 276
276 278 279
73 71 279
279 71 276
269 280 271
271 280 281
280 282 281
281 282 283
278 277 283
283 277 281
277 272 281
281 272 271
284 230 285
285 230 232
226 286 232
232 286 285
286 278 285
285 278 283
282 284 283
283 284 285
54 75 225
225 75 287
75 73 287
287 73 279
278 286 279
279 286 287
286 226 287
287 226 225
280 269 288
288 269 289
290 291 289
289 291 288
291 292 288
288 292 293
282 280 293
293 280 288
101 145 294
294 145 295
145 150 295
295 150 296
292 291 296
296 291 295
291 290 295
295 290 294
159 125 297
297 125 298
299 300 298
298 300 297
300 292 297
297 292 296
150 159 296
296 159 297
230 284 301
301 284 302
284 282 302
302 282 293
292 300 293
293 300 302
300 299 302
302 299 301
231 230 303
303 230 301
299 304 301
301 304 303
304 305 303
303 305 306
234 231 306
306 231 303
125 127 298
298 127 307
127 133 307
307 133 308
305 304 308
308 304 307
304 299 307
307 299 298
106 309 143
143 309 310
309 311 310
310 311 312
305 308 312
312 308 310
308 133 310
310 133 143
313 236 314
314 236 238
234 306 238
238 306 314
306 305 314
314 305 312
311 313 312
312 313 314
236 313 249
249 313 315
313 311 315
315 311 316
317 318 316
316 318 315
318 250 315
315 250 249
309 106 319
319 106 105
113 320 105
105 320 319
320 317 319
319 317 316
311 309 316
316 309 319
80 321 124
124 321 322
321 323 322
322 323 324
317 320 324
324 320 322
320 113 322
322 113 124
325 252 326
326 252 254
250 318 254
254 318 326
318 317 326
326 317 324
323 325 324
324 325 326
265 252 327
327 252 328
329 330 328
328 330 327
330 331 327
327 331 332
266 265 332
332 265 327
333 334 335
335 334 336
334 337 336
336 337 338
331 330 338
338 330 336
330 329 336
336 329 335
339 340 341
341 340 342
340 343 342
342 343 344
331 338 344
344 338 342
338 337 342
342 337 341
345 269 346
346 269 268
266 332 268
268 332 346
332 331 346
346 331 344
343 345 344
344 345 346
321 80 347
347 80 348
349 350 348
348 350 347
350 351 347
347 351 352
323 321 352
352 321 347
353 354 355
355 354 356
354 357 356
356 357 358
351 350 358
358 350 356
350 349 356
356 349 355
359 333 360
360 333 335
329 361 335
335 361 360
361 351 360
360 351 358
357 359 358
358 359 360
252 325 328
328 325 362
325 323 362
362 323 352
351 361 352
352 361 362
361 329 362
362 329 328
101 363 102
102 363 364
363 365 364
364 365 366
367 368 366
366 368 364
368 88 364
364 88 102
369 370 371
371 370 372
373 374 372
372 374 371
374 367 371
371 367 366
365 369 366
366 369 371
375 353 376
376 353 355
349 377 355
355 377 376
377 367 376
376 367 374
373 375 374
374 375 376
80 82 348
348 82 378
82 88 378
378 88 368
367 377 368
368 377 378
377 349 378
378 349 348
269 345 289
289 345 379
345 343 379
379 343 380
381 382 380
380 382 379
382 290 379
379 290 289
340 339 383
383 339 384
385 386 384
384 386 383
386 381 383
383 381 380
343 340 380
380 340 383
370 369 387
387 369 388
369 365 388
388 365 389
381 386 389
389 386 388
386 385 388
388 385 387
363 101 390
390 101 294
290 382 294
294 382 390
382 381 390
390 381 389
365 363 389
389 363 390
391 392 393
393 392 394
395 396 394
394 396 393
396 397 393
393 397 398
399 391 398
398 391 393
400 401 402
402 401 403
404 405 401
401 405 403
397 396 405
405 396 403
396 395 403
403 395 402
406 407 408
408 407 409
407 410 409
409 410 411
397 405 411
411 405 409
405 404 409
409 404 408
412 413 414
414 413 415
399 398 415
415 398 414
398 397 414
414 397 411
410 412 411
411 412 414
416 417 418
418 417 419
417 420 419
419 420 421
422 423 421
421 423 419
423 424 419
419 424 418
425 426 427
427 426 428
426 429 428
428 429 430
430 422 428
428 422 421
420 427 421
421 427 428
431 0 432
432 0 2
2 8 432
432 8 433
422 430 433
433 430 432
429 431 430
430 431 432
22 21 434
434 21 435
424 423 435
435 423 434
423 422 434
434 422 433
8 22 433
433 22 434
406 436 437
437 436 438
436 439 438
438 439 440
441 442 440
440 442 438
442 443 438
438 443 437
444 25 445
445 25 27
33 446 27
27 446 445
446 441 445
445 441 440
439 444 440
440 444 445
0 431 44
44 431 447
431 429 447
447 429 448
441 446 448
448 446 447
446 33 447
447 33 44
426 425 449
449 425 450
443 442 450
450 442 449
442 441 449
449 441 448
429 426 448
448 426 449
401 400 451
451 400 452
453 454 452
452 454 451
455 456 454
454 456 451
456 404 451
451 404 401
46 45 457
457 45 458
53 459 45
45 459 458
459 455 458
458 455 454
454 453 458
458 453 457
25 444 64
64 444 460
444 439 460
460 439 461
455 459 461
461 459 460
459 53 460
460 53 64
436 406 462
462 406 408
404 456 408
408 456 462
456 455 462
462 455 461
439 436 461
461 436 462
400 463 452
452 463 464
463 465 464
464 465 466
467 468 466
466 468 464
468 453 464
464 453 452
469 416 470
470 416 418
424 471 418
418 471 470
471 467 470
470 467 466
465 469 466
466 469 470
21 65 435
435 65 472
65 70 472
472 70 473
467 471 473
473 471 472
471 424 472
472 424 435
78 46 474
474 46 457
453 468 457
457 468 474
468 467 474
474 467 473
70 78 473
473 78 474
475 476 477
477 476 478
476 479 478
478 479 480
481 482 480
480 482 478
482 483 478
478 483 477
484 485 486
486 485 487
485 488 487
487 488 489
481 480 489
489 480 487
479 486 480
480 486 487
490 491 492
492 491 493
494 495 493
493 495 492
495 481 492
492 481 489
488 490 489
489 490 492
496 497 498
498 497 499
497 483 499
499 483 482
481 495 482
482 495 499
495 494 499
499 494 498
413 500 415
415 500 501
500 502 501
501 502 503
504 505 503
503 505 501
505 399 501
501 399 415
491 490 506
506 490 507
490 488 507
507 488 508
508 504 507
507 504 503
502 506 503
503 506 507
484 509 485
485 509 510
511 512 509
509 512 510
512 504 510
510 504 508
488 485 508
508 485 510
392 391 513
513 391 514
391 399 514
514 399 505
504 512 505
505 512 514
512 511 514
514 511 513
515 516 517
517 516 518
516 519 518
518 519 520
521 522 520
520 522 518
522 523 518
518 523 517
524 484 525
525 484 486
479 526 486
486 526 525
526 521 525
525 521 520
519 524 520
520 524 525
475 527 476
476 527 528
527 523 528
528 523 522
522 521 528
528 521 526
526 479 528
528 479 476
515 517 529
529 517 530
517 523 530
530 523 531
532 533 531
531 533 530
533 534 530
530 534 529
527 475 535
535 475 536
537 538 536
536 538 535
538 532 535
535 532 531
523 527 531
531 527 535
539 540 541
541 540 542
534 533 542
542 533 541
533 532 541
541 532 538
537 539 538
538 539 541
543 392 544
544 392 513
511 545 513
513 545 544
545 546 544
544 546 547
548 543 547
547 543 544
484 524 509
509 524 549
519 550 524
524 550 549
546 545 550
550 545 549
545 511 549
549 511 509
516 515 551
551 515 552
552 548 551
551 548 547
546 550 547
547 550 551
519 516 550
550 516 551
553 554 555
555 554 556
557 558 556
556 558 555
558 559 555
555 559 560
561 553 560
560 553 555
416 469 562
562 469 563
469 465 563
563 465 564
559 558 564
564 558 563
558 557 563
563 557 562
463 400 565
565 400 402
395 566 402
402 566 565
566 559 565
565 559 564
465 463 564
564 463 565
392 543 394
394 543 567
543 548 567
567 548 568
559 566 568
568 566 567
566 395 567
567 395 394
515 569 552
552 569 570
569 561 570
570 561 560
559 568 560
560 568 570
548 552 568
568 552 570
496 498 571
571 498 572
498 494 572
572 494 573
573 574 572
572 574 575
575 576 572
572 576 571
493 491 577
577 491 578
579 580 578
578 580 577
580 574 577
577 574 573
494 493 573
573 493 577
581 582 583
583 582 584
582 576 584
584 576 575
574 580 575
575 580 584
580 579 584
584 579 583
585 586 587
587 586 588
589 590 588
588 590 587
590 591 587
587 591 592
593 585 592
592 585 587
594 496 595
595 496 571
576 596 571
571 596 595
596 591 595
595 591 590
589 594 590
590 594 595
581 597 582
582 597 598
597 593 598
598 593 592
591 596 592
592 596 598
596 576 598
598 576 582
599 581 600
600 581 583
579 601 583
583 601 600
602 603 601
601 603 600
603 604 600
600 604 599
578 491 605
605 491 506
506 502 605
605 502 606
602 601 606
606 601 605
579 578 601
601 578 605
500 413 607
607 413 608
604 603 608
608 603 607
603 602 607
607 602 606
502 500 606
606 500 607
609 586 610
610 586 611
611 612 610
610 612 613
614 615 613
613 615 610
615 616 610
610 616 609
617 618 619
619 618 620
621 622 620
620 622 619
622 614 619
619 614 613
612 617 613
613 617 619
623 624 625
625 624 626
627 628 626
626 628 625
628 614 625
625 614 622
621 623 622
622 623 625
629 540 630
630 540 631
631 616 630
630 616 615
614 628 615
615 628 630
628 627 630
630 627 629
554 632 556
556 632 633
632 634 633
633 634 635
636 637 635
635 637 633
637 557 633
633 557 556
638 639 640
640 639 641
639 642 641
641 642 643
636 635 643
643 635 641
635 634 641
641 634 640
644 425 645
645 425 427
427 420 645
645 420 646
646 636 645
645 636 643
642 644 643
643 644 645
417 416 647
647 416 562
557 637 562
562 637 647
637 636 647
647 636 646
420 417 646
646 417 647
536 475 648
648 475 477
483 649 477
477 649 648
649 650 648
648 650 651
537 536 651
651 536 648
497 496 652
652 496 594
589 653 594
594 653 652
650 649 653
653 649 652
649 483 652
652 483 497
586 609 588
588 609 654
616 655 609
609 655 654
655 650 654
654 650 653
653 589 654
654 589 588
540 539 631
631 539 656
539 537 656
656 537 651
650 655 651
651 655 656
655 616 656
656 616 631
639 638 657
657 638 658
659 660 658
658 660 657
660 661 657
657 661 662
642 639 662
662 639 657
581 599 663
663 599 664
604 665 599
599 665 664
665 661 664
664 661 660
660 659 664
664 659 663
413 412 608
608 412 666
412 410 666
666 410 667
661 665 667
667 665 666
665 604 666
666 604 608
407 406 668
668 406 437
443 669 437
437 669 668
669 661 668
668 661 667
410 407 667
667 407 668
425 644 450
450 644 670
644 642 670
670 642 662
661 669 662
662 669 670
669 443 670
670 443 450
186 208 671
671 208 672
208 206 672
672 206 673
674 675 673
673 675 672
675 676 672
672 676 671
203 677 205
205 677 678
677 679 678
678 679 680
674 673 680
680 673 678
673 206 678
678 206 205
681 682 683
683 682 684
682 685 684
684 685 686
674 680 686
686 680 684
680 679 684
684 679 683
687 688 689
689 688 690
688 676 690
690 676 675
674 686 675
675 686 690
686 685 690
690 685 689
166 192 691
691 192 692
192 190 692
692 190 693
694 695 693
693 695 692
695 696 692
692 696 691
187 186 697
697 186 671
676 698 671
671 698 697
698 694 697
697 694 693
190 187 693
693 187 697
687 699 688
688 699 700
699 701 700
700 701 702
694 698 702
702 698 700
698 676 700
700 676 688
703 704 705
705 704 706
696 695 706
706 695 705
695 694 705
705 694 702
701 703 702
702 703 705
167 166 707
707 166 691
696 708 691
691 708 707
708 709 707
707 709 710
170 167 710
710 167 707
706 704 711
711 704 712
713 714 712
712 714 711
714 709 711
711 709 708
708 696 711
711 696 706
715 716 717
717 716 718
716 719 718
718 719 720
709 714 720
720 714 718
713 717 714
714 717 718
721 172 722
722 172 174
170 710 174
174 710 722
710 709 722
722 709 720
719 721 720
720 721 722
172 721 217
217 721 723
721 719 723
723 719 724
725 726 724
724 726 723
726 218 723
723 218 217
716 715 727
727 715 728
729 730 728
728 730 727
730 725 727
727 725 724
719 716 724
724 716 727
731 681 732
732 681 683
683 679 732
732 679 733
725 730 733
733 730 732
730 729 732
732 729 731
677 203 734
734 203 220
218 726 220
220 726 734
726 725 734
734 725 733
679 677 733
733 677 734
339 735 384
384 735 736
735 737 736
736 737 738
739 740 738
738 740 736
740 385 736
736 385 384
741 742 743
743 742 744
745 746 744
744 746 743
746 739 743
743 739 738
737 741 738
738 741 743
747 748 749
749 748 750
748 751 750
750 751 752
739 746 752
752 746 750
746 745 750
750 745 749
753 370 754
754 370 387
385 740 387
387 740 754
740 739 754
754 739 752
751 753 752
752 753 754
755 756 757
757 756 758
756 759 758
758 759 760
760 761 758
758 761 762
763 757 762
762 757 758
764 765 766
766 765 767
768 769 767
767 769 766
769 761 766
766 761 760
759 764 760
760 764 766
770 771 772
772 771 773
771 763 773
773 763 762
761 769 762
762 769 773
769 768 773
773 768 772
774 775 776
776 775 777
778 779 775
775 779 777
779 780 777
777 780 781
781 782 777
777 782 776
783 784 785
785 784 786
784 787 786
786 787 788
780 779 788
788 779 786
779 778 786
786 778 785
789 624 790
790 624 791
791 792 790
790 792 793
793 780 790
790 780 788
787 789 788
788 789 790
794 765 795
795 765 796
782 781 796
796 781 795
780 793 781
781 793 795
792 794 793
793 794 795
797 770 798
798 770 772
768 799 772
772 799 798
799 800 798
798 800 801
802 797 801
801 797 798
765 803 767
767 803 804
803 805 804
804 805 806
800 799 806
806 799 804
799 768 804
804 768 767
807 808 809
809 808 810
808 811 810
810 811 812
800 806 812
812 806 810
806 805 810
810 805 809
813 814 815
815 814 816
802 801 816
816 801 815
801 800 815
815 800 812
811 813 812
812 813 815
624 623 791
791 623 817
621 818 623
623 818 817
818 819 817
817 819 820
792 791 820
820 791 817
618 821 620
620 821 822
823 824 821
821 824 822
824 819 822
822 819 818
621 620 818
818 620 822
807 809 825
825 809 826
809 805 826
826 805 827
819 824 827
827 824 826
824 823 826
826 823 825
765 794 803
803 794 828
794 792 828
828 792 820
819 827 820
820 827 828
827 805 828
828 805 803
829 774 830
830 774 776
782 831 776
776 831 830
831 832 830
830 832 833
833 834 830
830 834 829
765 764 796
796 764 835
764 759 835
835 759 836
832 831 836
836 831 835
831 782 835
835 782 796
756 755 837
837 755 838
834 833 838
838 833 837
833 832 837
837 832 836
759 756 836
836 756 837
814 839 816
816 839 840
839 841 840
840 841 842
843 844 842
842 844 840
844 802 840
840 802 816
845 687 846
846 687 689
685 847 689
689 847 846
847 843 846
846 843 842
841 845 842
842 845 846
682 681 848
848 681 849
850 851 849
849 851 848
851 843 848
848 843 847
685 682 847
847 682 848
770 797 852
852 797 853
797 802 853
853 802 844
843 851 844
844 851 853
851 850 853
853 850 852
771 770 854
854 770 852
850 855 852
852 855 854
856 857 855
855 857 854
763 771 857
857 771 854
681 731 849
849 731 858
729 859 731
731 859 858
859 856 858
858 856 855
855 850 858
858 850 849
715 860 728
728 860 861
860 862 861
861 862 863
856 859 863
863 859 861
859 729 861
861 729 728
747 864 865
865 864 866
864 867 866
866 867 868
856 863 868
868 863 866
863 862 866
866 862 865
869 755 870
870 755 757
763 857 757
757 857 870
857 856 870
870 856 868
867 869 868
868 869 870
632 554 871
871 554 872
873 874 872
872 874 871
874 875 871
871 875 876
634 632 876
876 632 871
877 878 879
879 878 880
880 881 879
879 881 882
882 875 879
879 875 874
873 877 874
874 877 879
883 884 885
885 884 886
887 888 886
886 888 885
888 875 885
885 875 882
882 881 885
885 881 883
889 638 890
890 638 640
634 876 640
640 876 890
876 875 890
890 875 888
887 889 888
888 889 890
333 359 891
891 359 892
359 357 892
892 357 893
894 895 893
893 895 892
895 896 892
892 896 891
354 353 897
897 353 898
899 900 898
898 900 897
900 894 897
897 894 893
357 354 893
893 354 897
901 902 903
903 902 904
902 905 904
904 905 906
894 900 906
906 900 904
900 899 904
904 899 903
907 908 909
909 908 910
896 895 908
908 895 910
895 894 910
910 894 906
905 909 906
906 909 910
814 813 911
911 813 912
813 811 912
912 811 913
914 915 913
913 915 912
915 916 912
912 916 911
808 807 917
917 807 918
919 920 918
918 920 917
920 914 917
917 914 913
811 808 913
913 808 917
921 922 923
923 922 924
916 915 922
922 915 924
915 914 924
924 914 920
920 919 924
924 919 923
925 747 926
926 747 865
862 927 865
865 927 926
927 928 926
926 928 929
930 925 929
929 925 926
860 715 931
931 715 717
717 713 931
931 713 932
928 927 932
932 927 931
927 862 931
931 862 860
704 933 712
712 933 934
933 935 934
934 935 936
928 932 936
936 932 934
932 713 934
934 713 712
937 901 938
938 901 939
930 929 939
939 929 938
929 928 938
938 928 936
935 937 936
936 937 938
334 333 940
940 333 891
896 941 891
891 941 940
941 942 940
940 942 943
337 334 943
943 334 940
908 907 944
944 907 945
946 947 945
945 947 944
942 941 947
947 941 944
941 896 944
944 896 908
742 741 948
948 741 949
741 737 949
949 737 950
942 947 950
950 947 949
947 946 949
949 946 948
735 339 951
951 339 341
337 943 341
341 943 951
943 942 951
951 942 950
737 735 950
950 735 951
353 375 898
898 375 952
375 373 952
952 373 953
954 955 953
953 955 952
955 899 952
952 899 898
370 753 372
372 753 956
753 751 956
956 751 957
954 953 957
957 953 956
953 373 956
956 373 372
747 925 748
748 925 958
925 930 958
958 930 959
954 957 959
959 957 958
957 751 958
958 751 748
901 903 939
939 903 960
899 955 903
903 955 960
954 959 955
955 959 960
959 930 960
960 930 939
961 962 963
963 962 964
962 965 964
964 965 966
967 968 966
966 968 964
968 969 964
964 969 963
970 971 972
972 971 973
974 975 973
973 975 972
975 967 972
972 967 966
965 970 966
966 970 972
976 783 977
977 783 785
778 978 785
785 978 977
978 967 977
977 967 975
974 976 975
975 976 977
775 774 979
979 774 980
969 968 980
980 968 979
968 967 979
979 967 978
978 778 979
979 778 775
971 970 981
981 970 982
970 965 982
982 965 983
984 985 983
983 985 982
985 986 982
982 986 981
962 961 987
987 961 988
989 990 988
988 990 987
990 984 987
987 984 983
965 962 983
983 962 987
991 992 993
993 992 994
995 996 994
994 996 993
984 990 996
996 990 993
989 991 990
990 991 993
997 878 998
998 878 999
986 985 999
999 985 998
985 984 998
998 984 996
995 997 996
996 997 998
1000 921 1001
1001 921 923
919 1002 923
923 1002 1001
1002 1003 1001
1001 1003 1004
1005 1000 1004
1004 1000 1001
807 1006 918
918 1006 1007
1006 1008 1007
1007 1008 1009
1003 1002 1009
1009 1002 1007
1002 919 1007
1007 919 918
1010 1011 1012
1012 1011 1013
1013 1005 1012
1012 1005 1004
1004 1003 1012
1012 1003 1009
1008 1010 1009
1009 1010 1012
1011 1010 1014
1014 1010 1015
1010 1008 1015
1015 1008 1016
1016 1017 1015
1015 1017 1018
1019 1014 1018
1018 1014 1015
1006 807 1020
1020 807 825
823 1021 825
825 1021 1020
1017 1016 1021
1021 1016 1020
1008 1006 1016
1016 1006 1020
821 618 1022
1022 618 1023
1024 1025 1023
1023 1025 1022
1025 1017 1022
1022 1017 1021
1021 823 1022
1022 823 821
1026 1027 1028
1028 1027 1029
1027 1019 1029
1029 1019 1018
1017 1025 1018
1018 1025 1029
1025 1024 1029
1029 1024 1028
1030 1031 1032
1032 1031 1033
1031 1034 1033
1033 1034 1035
1036 1037 1035
1035 1037 1033
1037 1038 1033
1033 1038 1032
1039 1011 1040
1040 1011 1014
1014 1019 1040
1040 1019 1041
1041 1036 1040
1040 1036 1035
1034 1039 1035
1035 1039 1040
1027 1026 1042
1042 1026 1043
1044 1045 1043
1043 1045 1042
1045 1036 1042
1042 1036 1041
1019 1027 1041
1041 1027 1042
1046 1047 1048
1048 1047 1049
1038 1037 1049
1049 1037 1048
1037 1036 1048
1048 1036 1045
1044 1046 1045
1045 1046 1048
1050 1051 1052
1052 1051 1053
1054 1055 1051
1051 1055 1053
1056 1057 1055
1055 1057 1053
1057 1058 1053
1053 1058 1052
1059 742 1060
1060 742 948
946 1061 948
948 1061 1060
1061 1056 1060
1060 1056 1055
1055 1054 1060
1060 1054 1059
907 1062 945
945 1062 1063
1062 1064 1063
1063 1064 1065
1056 1061 1065
1065 1061 1063
1061 946 1063
1063 946 945
1066 1067 1068
1068 1067 1069
1058 1057 1069
1069 1057 1068
1057 1056 1068
1068 1056 1065
1064 1066 1065
1065 1066 1068
1070 992 1071
1071 992 1072
1072 1073 1071
1071 1073 1074
1075 1076 1074
1074 1076 1071
1077 1070 1076
1076 1070 1071
1078 1050 1079
1079 1050 1052
1058 1080 1052
1052 1080 1079
1080 1075 1079
1079 1075 1074
1073 1078 1074
1074 1078 1079
1069 1067 1081
1081 1067 1082
1083 1084 1082
1082 1084 1081
1084 1075 1081
1081 1075 1080
1058 1069 1080
1080 1069 1081
1085 1086 1087
1087 1086 1088
1088 1077 1087
1087 1077 1076
1075 1084 1076
1076 1084 1087
1084 1083 1087
1087 1083 1085
1047 1089 1049
1049 1089 1090
1089 1091 1090
1090 1091 1092
1093 1094 1092
1092 1094 1090
1094 1038 1090
1090 1038 1049
1095 884 1096
1096 884 1097
1098 1099 1097
1097 1099 1096
1099 1093 1096
1096 1093 1092
1091 1095 1092
1092 1095 1096
1100 1086 1101
1101 1086 1102
1103 1104 1102
1102 1104 1101
1093 1099 1104
1104 1099 1101
1098 1100 1099
1099 1100 1101
1105 1030 1106
1106 1030 1032
1038 1094 1032
1032 1094 1106
1094 1093 1106
1106 1093 1104
1104 1103 1106
1106 1103 1105
901 937 1107
1107 937 1108
937 935 1108
1108 935 1109
1110 1111 1109
1109 1111 1108
1111 1112 1108
1108 1112 1107
704 703 933
933 703 1113
703 701 1113
1113 701 1114
1110 1109 1114
1114 1109 1113
1109 935 1113
1113 935 933
687 845 699
699 845 1115
845 841 1115
1115 841 1116
1116 1110 1115
1115 1110 1114
701 699 1114
1114 699 1115
839 814 1117
1117 814 911
916 1118 911
911 1118 1117
1110 1116 1118
1118 1116 1117
841 839 1116
1116 839 1117
922 921 1119
1119 921 1120
1112 1111 1120
1120 1111 1119
1111 1110 1119
1119 1110 1118
916 922 1118
1118 922 1119
774 829 980
980 829 1121
834 1122 829
829 1122 1121
1122 1123 1121
1121 1123 1124
1124 969 1121
1121 969 980
755 869 838
838 869 1125
869 867 1125
1125 867 1126
1123 1122 1126
1126 1122 1125
1122 834 1125
1125 834 838
864 747 1127
1127 747 749
745 1128 749
749 1128 1127
1128 1123 1127
1127 1123 1126
867 864 1126
1126 864 1127
744 742 1129
1129 742 1059
1054 1130 1059
1059 1130 1129
1130 1123 1129
1129 1123 1128
1128 745 1129
1129 745 744
1050 1131 1051
1051 1131 1132
1131 1133 1132
1132 1133 1134
1123 1130 1134
1134 1130 1132
1130 1054 1132
1132 1054 1051
1135 961 1136
1136 961 963
969 1124 963
963 1124 1136
1124 1123 1136
1136 1123 1134
1133 1135 1134
1134 1135 1136
961 1135 988
988 1135 1137
1135 1133 1137
1137 1133 1138
1138 1139 1137
1137 1139 1140
1140 989 1137
1137 989 988
1131 1050 1141
1141 1050 1078
1078 1073 1141
1141 1073 1142
1142 1139 1141
1141 1139 1138
1133 1131 1138
1138 1131 1141
992 991 1072
1072 991 1143
991 989 1143
1143 989 1140
1140 1139 1143
1143 1139 1142
1073 1072 1142
1142 1072 1143
1086 1085 1102
1102 1085 1144
1083 1145 1085
1085 1145 1144
1145 1146 1144
1144 1146 1147
1147 1103 1144
1144 1103 1102
1082 1067 1148
1148 1067 1149
1150 1151 1149
1149 1151 1148
1151 1146 1148
1148 1146 1145
1145 1083 1148
1148 1083 1082
1030 1105 1152
1152 1105 1153
1105 1103 1153
1153 1103 1147
1147 1146 1153
1153 1146 1151
1151 1150 1153
1153 1150 1152
878 877 999
999 877 1154
877 873 1154
1154 873 1155
1156 1157 1155
1155 1157 1154
1157 986 1154
1154 986 999
554 553 872
872 553 1158
553 561 1158
1158 561 1159
1156 1155 1159
1159 1155 1158
1155 873 1158
1158 873 872
569 515 1160
1160 515 529
534 1161 529
529 1161 1160
1161 1156 1160
1160 1156 1159
561 569 1159
1159 569 1160
540 629 542
542 629 1162
627 1163 629
629 1163 1162
1156 1161 1163
1163 1161 1162
1161 534 1162
1162 534 542
624 789 626
626 789 1164
789 787 1164
1164 787 1165
1156 1163 1165
1165 1163 1164
1163 627 1164
1164 627 626
784 783 1166
1166 783 976
974 1167 976
976 1167 1166
1167 1156 1166
1166 1156 1165
787 784 1165
1165 784 1166
973 971 1168
1168 971 981
986 1157 981
981 1157 1168
1157 1156 1168
1168 1156 1167
974 973 1167
1167 973 1168
884 1095 886
886 1095 1169
1095 1091 1169
1169 1091 1170
1171 1172 1170
1170 1172 1169
1172 887 1169
1169 887 886
1089 1047 1173
1173 1047 1046
1044 1174 1046
1046 1174 1173
1174 1171 1173
1173 1171 1170
1091 1089 1170
1170 1089 1173
1043 1026 1175
1175 1026 1028
1024 1176 1028
1028 1176 1175
1176 1171 1175
1175 1171 1174
1044 1043 1174
1174 1043 1175
618 617 1023
1023 617 1177
617 612 1177
1177 612 1178
1171 1176 1178
1178 1176 1177
1176 1024 1177
1177 1024 1023
586 585 611
611 585 1179
585 593 1179
1179 593 1180
1171 1178 1180
1180 1178 1179
612 611 1178
1178 611 1179
597 581 1181
1181 581 663
659 1182 663
663 1182 1181
1182 1171 1181
1181 1171 1180
593 597 1180
1180 597 1181
638 889 658
658 889 1183
889 887 1183
1183 887 1172
1171 1182 1172
1172 1182 1183
1182 659 1183
1183 659 658
1011 1039 1013
1013 1039 1184
1039 1034 1184
1184 1034 1185
1185 1186 1184
1184 1186 1187
1005 1013 1187
1187 1013 1184
1031 1030 1188
1188 1030 1152
1150 1189 1152
1152 1189 1188
1189 1186 1188
1188 1186 1185
1034 1031 1185
1185 1031 1188
1067 1066 1149
1149 1066 1190
1066 1064 1190
1190 1064 1191
1186 1189 1191
1191 1189 1190
1189 1150 1190
1190 1150 1149
1062 907 1192
1192 907 909
905 1193 909
909 1193 1192
1193 1186 1192
1192 1186 1191
1064 1062 1191
1191 1062 1192
902 901 1194
1194 901 1107
1112 1195 1107
1107 1195 1194
1195 1186 1194
1194 1186 1193
905 902 1193
1193 902 1194
921 1000 1120
1120 1000 1196
1000 1005 1196
1196 1005 1187
1186 1195 1187
1187 1195 1196
1195 1112 1196
1196 1112 1120
1086 1100 1088
1088 1100 1197
1100 1098 1197
1197 1098 1198
1199 1200 1198
1198 1200 1197
1200 1077 1197
1197 1077 1088
1097 884 1201
1201 884 883
881 1202 883
883 1202 1201
1202 1199 1201
1201 1199 1198
1098 1097 1198
1198 1097 1201
880 878 1203
1203 878 997
995 1204 997
997 1204 1203
1204 1199 1203
1203 1199 1202
881 880 1202
1202 880 1203
992 1070 994
994 1070 1205
1070 1077 1205
1205 1077 1200
1199 1204 1200
1200 1204 1205
1204 995 1205
1205 995 994
