1352
150.000015 330.000000 -150.000122
150.366837 330.077972 -150.000122
150.375015 330.000000 -150.000122
150.342606 330.152527 -150.000122
150.303421 330.220428 -150.000122
150.250961 330.278687 -150.000122
150.187515 330.324768 -150.000122
150.115921 330.356659 -150.000122
150.039230 330.372955 -150.000122
149.960831 330.372955 -150.000122
149.884140 330.356659 -150.000122
149.812515 330.324768 -150.000122
149.749100 330.278687 -150.000122
149.696640 330.220428 -150.000122
149.657455 330.152527 -150.000122
149.633224 330.077972 -150.000122
149.625015 330.000000 -150.000122
149.633224 329.922028 -150.000122
149.657455 329.847473 -150.000122
149.696640 329.779572 -150.000122
149.749100 329.721313 -150.000122
149.812515 329.675232 -150.000122
149.884140 329.643341 -150.000122
149.960831 329.627045 -150.000122
150.039230 329.627045 -150.000122
150.115921 329.643341 -150.000122
150.187515 329.675232 -150.000122
150.250961 329.721313 -150.000122
150.303421 329.779572 -150.000122
150.342606 329.847473 -150.000122
150.366837 329.922028 -150.000122
150.733627 330.155945 -150.000122
150.750015 330.000000 -150.000122
150.685196 330.305054 -150.000122
150.606796 330.440826 -150.000122
150.501877 330.557373 -150.000122
150.375015 330.649506 -150.000122
150.231796 330.713287 -150.000122
150.078415 330.745880 -150.000122
149.921616 330.745880 -150.000122
149.768265 330.713287 -150.000122
149.625015 330.649506 -150.000122
149.498184 330.557373 -150.000122
149.393265 330.440826 -150.000122
149.314865 330.305054 -150.000122
149.266403 330.155945 -150.000153
149.250015 330.000000 -150.000153
149.266403 329.844055 -150.000153
149.314865 329.694946 -150.000122
149.393265 329.559174 -150.000122
149.498184 329.442627 -150.000122
149.625015 329.350494 -150.000122
149.768265 329.286713 -150.000122
149.921616 329.254120 -150.000122
150.078415 329.254120 -150.000122
150.231796 329.286713 -150.000122
150.375015 329.350494 -150.000122
150.501877 329.442627 -150.000122
150.606796 329.559174 -150.000122
150.685196 329.694946 -150.000122
150.733627 329.844055 -150.000122
151.100449 330.233887 -150.000122
151.125015 330.000000 -150.000122
151.027756 330.457581 -150.000122
150.910172 330.661255 -150.000122
150.752792 330.836029 -150.000122
150.562515 330.974274 -150.000122
150.347672 331.069946 -150.000122
150.117630 331.118835 -150.000122
149.882431 331.118835 -150.000122
149.652390 331.069946 -150.000122
149.437515 330.974274 -150.000122
149.247238 330.836029 -150.000153
149.089890 330.661255 -150.000153
148.972275 330.457581 -150.000153
148.899612 330.233887 -150.000153
148.875015 330.000000 -150.000153
148.899612 329.766113 -150.000153
148.972275 329.542419 -150.000153
149.089890 329.338745 -150.000153
149.247269 329.163971 -150.000153
149.437515 329.025726 -150.000122
149.652390 328.930054 -150.000122
149.882431 328.881165 -150.000122
150.117630 328.881165 -150.000122
150.347672 328.930054 -150.000122
150.562515 329.025726 -150.000122
150.752792 329.163971 -150.000122
150.910172 329.338745 -150.000122
151.027756 329.542419 -150.000122
151.100449 329.766113 -150.000122
151.467239 330.311859 -150.000107
151.500015 330.000000 -150.000107
151.370346 330.610107 -150.000122
151.213547 330.881683 -150.000122
151.003708 331.114716 -150.000122
150.750015 331.299042 -150.000122
150.463547 331.426575 -150.000122
150.156815 331.491791 -150.000122
149.843246 331.491791 -150.000122
149.536514 331.426575 -150.000122
149.250015 331.299042 -150.000153
148.996323 331.114716 -150.000153
148.786514 330.881683 -150.000153
148.629715 330.610107 -150.000153
148.532791 330.311859 -150.000183
148.500015 330.000000 -150.000183
148.532791 329.688141 -150.000183
148.629715 329.389893 -150.000153
148.786514 329.118317 -150.000153
148.996323 328.885284 -150.000153
149.250015 328.700958 -150.000153
149.536514 328.573425 -150.000122
149.843246 328.508209 -150.000122
150.156815 328.508209 -150.000122
150.463547 328.573425 -150.000122
150.750015 328.700958 -150.000122
151.003708 328.885284 -150.000122
151.213547 329.118317 -150.000122
151.370346 329.389893 -150.000122
151.467239 329.688141 -150.000107
151.834061 330.389832 -150.000107
151.875015 330.000000 -150.000107
151.712936 330.762634 -150.000107
151.516922 331.102112 -150.000107
151.254654 331.393402 -150.000122
150.937515 331.623810 -150.000122
150.579422 331.783234 -150.000122
150.196030 331.864716 -150.000122
149.804031 331.864716 -150.000122
149.420609 331.783234 -150.000122
149.062515 331.623810 -150.000153
148.745407 331.393402 -150.000153
148.483109 331.102112 -150.000183
148.287125 330.762634 -150.000183
148.166000 330.389832 -150.000183
148.125015 330.000000 -150.000183
148.166000 329.610168 -150.000183
148.287125 329.237366 -150.000183
148.483109 328.897888 -150.000183
148.745407 328.606598 -150.000153
149.062515 328.376190 -150.000153
149.420609 328.216766 -150.000122
149.804031 328.135284 -150.000122
150.196030 328.135284 -150.000122
150.579422 328.216766 -150.000122
150.937515 328.376190 -150.000122
151.254654 328.606598 -150.000122
151.516922 328.897888 -150.000107
151.712936 329.237366 -150.000107
151.834061 329.610168 -150.000107
152.200851 330.467804 -150.000076
152.250015 330.000000 -150.000076
152.055496 330.915161 -150.000107
151.820328 331.322510 -150.000107
151.505569 331.672089 -150.000107
151.125015 331.948547 -150.000122
150.695328 332.139893 -150.000122
150.235214 332.237671 -150.000122
149.764847 332.237671 -150.000122
149.304733 332.139893 -150.000122
148.875015 331.948547 -150.000153
148.494492 331.672089 -150.000183
148.179733 331.322510 -150.000183
147.944534 330.915161 -150.000183
147.799179 330.467804 -150.000229
147.750015 330.000000 -150.000229
147.799179 329.532196 -150.000229
147.944534 329.084839 -150.000183
148.179733 328.677490 -150.000183
148.494492 328.327911 -150.000183
148.875015 328.051453 -150.000153
149.304733 327.860107 -150.000122
149.764847 327.762329 -150.000122
150.235214 327.762329 -150.000122
150.695328 327.860107 -150.000122
151.125015 328.051453 -150.000122
151.505569 328.327911 -150.000107
151.820328 328.677490 -150.000107
152.055496 329.084839 -150.000107
152.200851 329.532196 -150.000076
152.567673 330.545776 -150.000076
152.625015 330.000000 -150.000076
152.398087 331.067688 -150.000076
152.123703 331.542938 -150.000107
151.756485 331.950745 -150.000107
151.312515 332.273315 -150.000122
150.811203 332.496521 -150.000122
150.274399 332.610626 -150.000122
149.725632 332.610626 -150.000122
149.188858 332.496521 -150.000153
148.687515 332.273315 -150.000153
148.243546 331.950745 -150.000183
147.876358 331.542938 -150.000183
147.601974 331.067688 -150.000229
147.432388 330.545776 -150.000229
147.375015 330.000000 -150.000229
147.432388 329.454224 -150.000229
147.601974 328.932312 -150.000229
147.876358 328.457062 -150.000183
148.243546 328.049255 -150.000183
148.687515 327.726685 -150.000153
149.188858 327.503479 -150.000153
149.725632 327.389374 -150.000122
150.274399 327.389374 -150.000122
150.811203 327.503479 -150.000122
151.312515 327.726685 -150.000122
151.756485 328.049255 -150.000107
152.123703 328.457062 -150.000107
152.398087 328.932312 -150.000076
152.567673 329.454224 -150.000076
152.934464 330.623749 -150.000076
153.000015 330.000000 -150.000076
152.740677 331.220215 -150.000076
152.427078 331.763367 -150.000076
152.007431 332.229431 -150.000107
151.500015 332.598083 -150.000107
150.927078 332.853180 -150.000122
150.313614 332.983551 -150.000122
149.686447 332.983551 -150.000122
149.072983 332.853180 -150.000153
148.500015 332.598083 -150.000183
147.992630 332.229431 -150.000183
147.572983 331.763367 -150.000229
147.259384 331.220215 -150.000229
147.065567 330.623749 -150.000229
147.000015 330.000000 -150.000229
147.065567 329.376251 -150.000229
147.259384 328.779785 -150.000229
147.572983 328.236633 -150.000229
147.992630 327.770569 -150.000183
148.500015 327.401917 -150.000183
149.072983 327.146820 -150.000153
149.686447 327.016418 -150.000122
150.313614 327.016418 -150.000122
150.927078 327.146820 -150.000122
151.500015 327.401917 -150.000107
152.007431 327.770569 -150.000107
152.427078 328.236633 -150.000076
152.740677 328.779785 -150.000076
152.934464 329.376251 -150.000076
152.934464 330.623749 -140.000076
153.000015 330.000000 -140.000076
152.740677 331.220215 -140.000076
152.427078 331.763367 -140.000076
152.007431 332.229431 -140.000092
151.500015 332.598083 -140.000092
150.927078 332.853180 -140.000122
150.313614 332.983551 -140.000122
149.686447 332.983551 -140.000122
149.072983 332.853180 -140.000153
148.500015 332.598083 -140.000198
147.992630 332.229431 -140.000198
147.572983 331.763367 -140.000229
147.259384 331.220215 -140.000229
147.065567 330.623749 -140.000229
147.000015 330.000000 -140.000229
147.065567 329.376251 -140.000229
147.259384 328.779785 -140.000229
147.572983 328.236633 -140.000229
147.992630 327.770569 -140.000198
148.500015 327.401917 -140.000198
149.072983 327.146820 -140.000153
149.686447 327.016418 -140.000122
150.313614 327.016418 -140.000122
150.927078 327.146820 -140.000122
151.500015 327.401917 -140.000092
152.007431 327.770569 -140.000092
152.427078 328.236633 -140.000076
152.740677 328.779785 -140.000076
152.934464 329.376251 -140.000076
152.934464 330.623749 -130.000076
153.000015 330.000000 -130.000076
152.740646 331.220215 -130.000076
152.427078 331.763367 -130.000076
152.007431 332.229431 -130.000092
151.500015 332.598083 -130.000092
150.927078 332.853180 -130.000122
150.313614 332.983551 -130.000153
149.686447 332.983551 -130.000153
149.072983 332.853180 -130.000153
148.500015 332.598083 -130.000229
147.992630 332.229431 -130.000229
147.572983 331.763367 -130.000229
147.259384 331.220215 -130.000229
147.065567 330.623749 -130.000229
147.000015 330.000000 -130.000229
147.065567 329.376251 -130.000229
147.259384 328.779785 -130.000229
147.572983 328.236633 -130.000229
147.992630 327.770569 -130.000229
148.500015 327.401917 -130.000229
149.072983 327.146820 -130.000153
149.686447 327.016418 -130.000153
150.313614 327.016418 -130.000153
150.927078 327.146820 -130.000122
151.500015 327.401917 -130.000092
152.007431 327.770569 -130.000092
152.427078 328.236633 -130.000076
152.740646 328.779785 -130.000076
152.934464 329.376251 -130.000076
152.934464 330.623749 -120.000046
153.000015 330.000000 -120.000046
152.740646 331.220215 -120.000046
152.427078 331.763367 -120.000046
152.007401 332.229431 -120.000069
151.500015 332.598083 -120.000069
150.927078 332.853180 -120.000069
150.313614 332.983551 -120.000099
149.686447 332.983551 -120.000099
149.072983 332.853180 -120.000153
148.500015 332.598083 -120.000153
147.992630 332.229431 -120.000153
147.572983 331.763367 -120.000168
147.259384 331.220215 -120.000168
147.065567 330.623749 -120.000168
147.000015 330.000000 -120.000168
147.065567 329.376251 -120.000168
147.259384 328.779785 -120.000168
147.572983 328.236633 -120.000168
147.992630 327.770569 -120.000153
148.500015 327.401917 -120.000153
149.072983 327.146820 -120.000153
149.686447 327.016418 -120.000099
150.313614 327.016418 -120.000099
150.927078 327.146820 -120.000069
151.500015 327.401917 -120.000069
152.007401 327.770569 -120.000069
152.427078 328.236633 -120.000046
152.740646 328.779785 -120.000046
152.934464 329.376251 -120.000046
152.934464 330.623749 -110.000015
153.000015 330.000000 -110.000015
152.740646 331.220215 -110.000015
152.427078 331.763367 -110.000015
152.007401 332.229431 -110.000061
151.500015 332.598083 -110.000061
150.927078 332.853180 -110.000061
150.313614 332.983551 -110.000092
149.686447 332.983551 -110.000092
149.072983 332.853180 -110.000130
148.500015 332.598083 -110.000130
147.992630 332.229431 -110.000130
147.572983 331.763367 -110.000153
147.259384 331.220215 -110.000153
147.065567 330.623749 -110.000153
147.000015 330.000000 -110.000153
147.065567 329.376251 -110.000153
147.259384 328.779785 -110.000153
147.572983 328.236633 -110.000153
147.992630 327.770569 -110.000130
148.500015 327.401917 -110.000130
149.072983 327.146820 -110.000130
149.686447 327.016418 -110.000092
150.313614 327.016418 -110.000092
150.927078 327.146820 -110.000061
151.500015 327.401917 -110.000061
152.007401 327.770569 -110.000061
152.427078 328.236633 -110.000015
152.740646 328.779785 -110.000015
152.934464 329.376251 -110.000015
152.934464 330.623749 -100.000031
153.000015 330.000000 -100.000031
152.740646 331.220215 -100.000031
152.427078 331.763367 -100.000031
152.007401 332.229431 -100.000076
151.500015 332.598083 -100.000076
150.927078 332.853180 -100.000076
150.313614 332.983551 -100.000107
149.686447 332.983551 -100.000107
149.072983 332.853180 -100.000137
148.500015 332.598083 -100.000137
147.992630 332.229431 -100.000137
147.572983 331.763367 -100.000168
147.259384 331.220215 -100.000168
147.065567 330.623749 -100.000168
147.000015 330.000000 -100.000168
147.065567 329.376251 -100.000168
147.259384 328.779785 -100.000168
147.572983 328.236633 -100.000168
147.992630 327.770569 -100.000137
148.500015 327.401917 -100.000137
149.072983 327.146820 -100.000137
149.686447 327.016418 -100.000107
150.313614 327.016418 -100.000107
150.927078 327.146820 -100.000076
151.500015 327.401917 -100.000076
152.007401 327.770569 -100.000076
152.427078 328.236633 -100.000031
152.740646 328.779785 -100.000031
152.934464 329.376251 -100.000031
152.934464 330.623749 -90.000031
153.000015 330.000000 -90.000031
152.740646 331.220215 -90.000031
152.427078 331.763367 -90.000031
152.007401 332.229431 -90.000061
151.500015 332.598083 -90.000061
150.927078 332.853180 -90.000061
150.313614 332.983551 -90.000092
149.686447 332.983551 -90.000092
149.072983 332.853180 -90.000114
148.500015 332.598083 -90.000145
147.992630 332.229431 -90.000145
147.572983 331.763367 -90.000153
147.259384 331.220215 -90.000168
147.065567 330.623749 -90.000168
147.000015 330.000000 -90.000168
147.065567 329.376251 -90.000168
147.259384 328.779785 -90.000168
147.572983 328.236633 -90.000153
147.992630 327.770569 -90.000145
148.500015 327.401917 -90.000145
149.072983 327.146820 -90.000114
149.686447 327.016418 -90.000092
150.313614 327.016418 -90.000092
150.927078 327.146820 -90.000061
151.500015 327.401917 -90.000061
152.007401 327.770569 -90.000061
152.427078 328.236633 -90.000031
152.740646 328.779785 -90.000031
152.934464 329.376251 -90.000031
152.934464 330.623749 -80.000015
153.000015 330.000000 -80.000015
152.740646 331.220215 -80.000015
152.427078 331.763367 -80.000023
152.007401 332.229431 -80.000038
151.500015 332.598083 -80.000053
150.927078 332.853180 -80.000053
150.313614 332.983551 -80.000092
149.686447 332.983551 -80.000092
149.072983 332.853180 -80.000114
148.500015 332.598083 -80.000114
147.992630 332.229431 -80.000130
147.572983 331.763367 -80.000145
147.259384 331.220215 -80.000145
147.065567 330.623749 -80.000145
147.000015 330.000000 -80.000145
147.065567 329.376251 -80.000145
147.259384 328.779785 -80.000145
147.572983 328.236633 -80.000145
147.992630 327.770569 -80.000130
148.500015 327.401917 -80.000114
149.072983 327.146820 -80.000114
149.686447 327.016418 -80.000092
150.313614 327.016418 -80.000092
150.927078 327.146820 -80.000053
151.500015 327.401917 -80.000053
152.007401 327.770569 -80.000038
152.427078 328.236633 -80.000023
152.740646 328.779785 -80.000015
152.934464 329.376251 -80.000015
152.934464 330.623749 -70.000031
153.000015 330.000000 -70.000031
152.740646 331.220215 -70.000031
152.427078 331.763367 -70.000031
152.007401 332.229431 -70.000053
151.500015 332.598083 -70.000069
150.927078 332.853180 -70.000084
150.313614 332.983551 -70.000099
149.686447 332.983551 -70.000099
149.072983 332.853180 -70.000130
148.500015 332.598083 -70.000130
147.992630 332.229431 -70.000137
147.572983 331.763367 -70.000168
147.259384 331.220215 -70.000168
147.065567 330.623749 -70.000168
147.000015 330.000000 -70.000168
147.065567 329.376251 -70.000168
147.259384 328.779785 -70.000168
147.572983 328.236633 -70.000168
147.992630 327.770569 -70.000137
148.500015 327.401917 -70.000130
149.072983 327.146820 -70.000130
149.686447 327.016418 -70.000099
150.313614 327.016418 -70.000099
150.927078 327.146820 -70.000084
151.500015 327.401917 -70.000069
152.007401 327.770569 -70.000053
152.427078 328.236633 -70.000031
152.740646 328.779785 -70.000031
152.934464 329.376251 -70.000031
152.934464 330.623749 -60.000027
153.000015 330.000000 -60.000027
152.740646 331.220215 -60.000027
152.427078 331.763367 -60.000034
152.007401 332.229431 -60.000034
151.500015 332.598083 -60.000061
150.927078 332.853180 -60.000084
150.313614 332.983551 -60.000088
149.686447 332.983551 -60.000088
149.072983 332.853180 -60.000103
148.500015 332.598083 -60.000130
147.992630 332.229431 -60.000145
147.572983 331.763367 -60.000145
147.259384 331.220215 -60.000168
147.065567 330.623749 -60.000168
147.000015 330.000000 -60.000168
147.065567 329.376251 -60.000168
147.259384 328.779785 -60.000168
147.572983 328.236633 -60.000145
147.992630 327.770569 -60.000145
148.500015 327.401917 -60.000130
149.072983 327.146820 -60.000103
149.686447 327.016418 -60.000088
150.313614 327.016418 -60.000088
150.927078 327.146820 -60.000084
151.500015 327.401917 -60.000061
152.007401 327.770569 -60.000034
152.427078 328.236633 -60.000034
152.740646 328.779785 -60.000027
152.934464 329.376251 -60.000027
152.934464 330.623749 -50.000042
153.000015 330.000000 -50.000042
152.740646 331.220215 -50.000042
152.427078 331.763367 -50.000050
152.007401 332.229431 -50.000050
151.500015 332.598083 -50.000076
150.927078 332.853180 -50.000099
150.313614 332.983551 -50.000103
149.686447 332.983551 -50.000103
149.072952 332.853180 -50.000130
148.500015 332.598083 -50.000137
147.992630 332.229431 -50.000160
147.572952 331.763367 -50.000160
147.259384 331.220215 -50.000175
147.065567 330.623749 -50.000175
147.000015 330.000000 -50.000175
147.065567 329.376251 -50.000175
147.259384 328.779785 -50.000175
147.572983 328.236633 -50.000160
147.992630 327.770569 -50.000160
148.500015 327.401917 -50.000137
149.072983 327.146820 -50.000130
149.686447 327.016418 -50.000103
150.313614 327.016418 -50.000103
150.927078 327.146820 -50.000099
151.500015 327.401917 -50.000076
152.007401 327.770569 -50.000050
152.427078 328.236633 -50.000050
152.740646 328.779785 -50.000042
152.934464 329.376251 -50.000042
152.934464 330.623749 -40.000000
153.000015 330.000000 -40.000000
152.740646 331.220215 -40.000000
152.427078 331.763367 -40.000011
152.007401 332.229431 -40.000015
151.500015 332.598083 -40.000038
150.927078 332.853180 -40.000050
150.313614 332.983551 -40.000069
149.686447 332.983551 -40.000072
149.072952 332.853180 -40.000088
148.500015 332.598083 -40.000107
147.992630 332.229431 -40.000118
147.572952 331.763367 -40.000126
147.259384 331.220215 -40.000137
147.065567 330.623749 -40.000137
147.000015 330.000000 -40.000137
147.065567 329.376251 -40.000137
147.259384 328.779785 -40.000137
147.572952 328.236633 -40.000126
147.992630 327.770569 -40.000118
148.500015 327.401917 -40.000107
149.072952 327.146820 -40.000088
149.686447 327.016418 -40.000072
150.313614 327.016418 -40.000069
150.927078 327.146820 -40.000050
151.500015 327.401917 -40.000038
152.007401 327.770569 -40.000015
152.427078 328.236633 -40.000011
152.740646 328.779785 -40.000000
152.934464 329.376251 -40.000000
152.934464 330.623749 -30.000015
153.000015 330.000000 -30.000015
152.740646 331.220215 -30.000015
152.427078 331.763367 -30.000023
152.007401 332.229431 -30.000031
151.500015 332.598083 -30.000051
150.927078 332.853180 -30.000055
150.313614 332.983551 -30.000074
149.686447 332.983551 -30.000090
149.072952 332.853180 -30.000111
148.500015 332.598083 -30.000124
147.992630 332.229431 -30.000134
147.572952 331.763367 -30.000147
147.259384 331.220215 -30.000154
147.065567 330.623749 -30.000154
147.000015 330.000000 -30.000154
147.065567 329.376251 -30.000154
147.259384 328.779785 -30.000154
147.572952 328.236633 -30.000147
147.992630 327.770569 -30.000134
148.500015 327.401917 -30.000124
149.072952 327.146820 -30.000111
149.686447 327.016418 -30.000090
150.313614 327.016418 -30.000074
150.927078 327.146820 -30.000055
151.500015 327.401917 -30.000051
152.007401 327.770569 -30.000031
152.427078 328.236633 -30.000023
152.740646 328.779785 -30.000015
152.934464 329.376251 -30.000015
152.934464 330.623749 -20.000031
153.000015 330.000000 -20.000031
152.740646 331.220215 -20.000031
152.427078 331.763367 -20.000040
152.007401 332.229431 -20.000053
151.500015 332.598083 -20.000067
150.927078 332.853180 -20.000074
150.313614 332.983551 -20.000090
149.686417 332.983551 -20.000109
149.072952 332.853180 -20.000126
148.500015 332.598083 -20.000134
147.992630 332.229431 -20.000149
147.572952 331.763367 -20.000158
147.259384 331.220215 -20.000168
147.065567 330.623749 -20.000168
147.000015 330.000000 -20.000168
147.065567 329.376251 -20.000168
147.259384 328.779785 -20.000168
147.572952 328.236633 -20.000158
147.992630 327.770569 -20.000149
148.500015 327.401917 -20.000134
149.072952 327.146820 -20.000126
149.686417 327.016418 -20.000109
150.313614 327.016418 -20.000090
150.927078 327.146820 -20.000074
151.500015 327.401917 -20.000067
152.007401 327.770569 -20.000053
152.427078 328.236633 -20.000040
152.740646 328.779785 -20.000031
152.934464 329.376251 -20.000031
152.934464 330.623749 -10.000005
153.000015 330.000000 -10.000003
152.740646 331.220215 -10.000010
152.427078 331.763367 -10.000018
152.007401 332.229431 -10.000026
151.500015 332.598083 -10.000041
150.927078 332.853180 -10.000053
150.313614 332.983551 -10.000065
149.686417 332.983551 -10.000082
149.072952 332.853180 -10.000095
148.500015 332.598083 -10.000106
147.992630 332.229431 -10.000121
147.572952 331.763367 -10.000132
147.259384 331.220215 -10.000139
147.065567 330.623749 -10.000142
147.000015 330.000000 -10.000142
147.065567 329.376251 -10.000142
147.259384 328.779785 -10.000139
147.572952 328.236633 -10.000132
147.992630 327.770569 -10.000121
148.500015 327.401917 -10.000106
149.072952 327.146820 -10.000095
149.686417 327.016418 -10.000082
150.313614 327.016418 -10.000065
150.927078 327.146820 -10.000053
151.500015 327.401917 -10.000041
152.007401 327.770569 -10.000026
152.427078 328.236633 -10.000018
152.740646 328.779785 -10.000010
152.934464 329.376251 -10.000005
152.934464 330.623749 -0.000017
153.000015 330.000000 -0.000014
152.740646 331.220215 -0.000021
152.427078 331.763367 -0.000029
152.007401 332.229431 -0.000037
151.500015 332.598083 -0.000050
150.927078 332.853180 -0.000064
150.313614 332.983551 -0.000077
149.686417 332.983551 -0.000095
149.072952 332.853180 -0.000108
148.500015 332.598083 -0.000121
147.992630 332.229431 -0.000132
147.572952 331.763367 -0.000145
147.259384 331.220215 -0.000148
147.065567 330.623749 -0.000154
147.000015 330.000000 -0.000156
147.065567 329.376251 -0.000154
147.259384 328.779785 -0.000148
147.572952 328.236633 -0.000145
147.992630 327.770569 -0.000132
148.500015 327.401917 -0.000121
149.072952 327.146820 -0.000108
149.686417 327.016418 -0.000095
150.313614 327.016418 -0.000077
150.927078 327.146820 -0.000064
151.500015 327.401917 -0.000050
152.007401 327.770569 -0.000037
152.427078 328.236633 -0.000029
152.740646 328.779785 -0.000021
152.934464 329.376251 -0.000017
152.934464 330.623749 10.000032
153.000015 330.000000 10.000034
152.740646 331.220215 10.000030
152.427078 331.763367 10.000020
152.007401 332.229431 10.000010
151.500015 332.598083 10.000001
150.927078 332.853180 9.999987
150.313614 332.983551 9.999970
149.686417 332.983551 9.999958
149.072952 332.853180 9.999945
148.500015 332.598083 9.999929
147.992630 332.229431 9.999917
147.572952 331.763367 9.999907
147.259384 331.220215 9.999901
147.065567 330.623749 9.999894
147.000015 330.000000 9.999894
147.065567 329.376251 9.999894
147.259384 328.779785 9.999901
147.572952 328.236633 9.999907
147.992630 327.770569 9.999917
148.500015 327.401917 9.999929
149.072952 327.146820 9.999945
149.686417 327.016418 9.999958
150.313614 327.016418 9.999970
150.927078 327.146820 9.999987
151.500015 327.401917 10.000001
152.007401 327.770569 10.000010
152.427078 328.236633 10.000020
152.740646 328.779785 10.000030
152.934464 329.376251 10.000032
152.934464 330.623749 19.999935
153.000015 330.000000 19.999935
152.740646 331.220215 19.999935
152.427078 331.763367 19.999926
152.007401 332.229431 19.999916
151.500015 332.598083 19.999899
150.927078 332.853180 19.999891
150.313614 332.983551 19.999872
149.686417 332.983551 19.999861
149.072952 332.853180 19.999842
148.500015 332.598083 19.999832
147.992630 332.229431 19.999817
147.572952 331.763367 19.999807
147.259384 331.220215 19.999802
147.065567 330.623749 19.999798
147.000015 330.000000 19.999798
147.065567 329.376251 19.999798
147.259384 328.779785 19.999802
147.572952 328.236633 19.999807
147.992630 327.770569 19.999817
148.500015 327.401917 19.999832
149.072952 327.146820 19.999842
149.686417 327.016418 19.999861
150.313614 327.016418 19.999872
150.927078 327.146820 19.999891
151.500015 327.401917 19.999899
152.007401 327.770569 19.999916
152.427078 328.236633 19.999926
152.740646 328.779785 19.999935
152.934464 329.376251 19.999935
152.934464 330.623749 29.999990
153.000015 330.000000 29.999990
152.740646 331.220215 29.999990
152.427078 331.763367 29.999979
152.007401 332.229431 29.999977
151.500015 332.598083 29.999954
150.927078 332.853180 29.999952
150.313583 332.983551 29.999926
149.686417 332.983551 29.999916
149.072952 332.853180 29.999895
148.500015 332.598083 29.999887
147.992630 332.229431 29.999872
147.572952 331.763367 29.999861
147.259384 331.220215 29.999857
147.065567 330.623749 29.999857
147.000015 330.000000 29.999857
147.065567 329.376251 29.999857
147.259384 328.779785 29.999857
147.572952 328.236633 29.999861
147.992630 327.770569 29.999872
148.500015 327.401917 29.999887
149.072952 327.146820 29.999895
149.686417 327.016418 29.999916
150.313614 327.016418 29.999926
150.927078 327.146820 29.999952
151.500015 327.401917 29.999954
152.007401 327.770569 29.999977
152.427078 328.236633 29.999979
152.740646 328.779785 29.999990
152.934464 329.376251 29.999990
152.934464 330.623749 40.000038
153.000015 330.000000 40.000038
152.740646 331.220215 40.000038
152.427078 331.763367 40.000027
152.007401 332.229431 40.000023
151.500015 332.598083 40.000015
150.927078 332.853180 39.999996
150.313583 332.983551 39.999977
149.686417 332.983551 39.999969
149.072952 332.853180 39.999950
148.500015 332.598083 39.999943
147.992630 332.229431 39.999920
147.572952 331.763367 39.999920
147.259384 331.220215 39.999905
147.065567 330.623749 39.999905
147.000015 330.000000 39.999905
147.065567 329.376251 39.999905
147.259384 328.779785 39.999905
147.572952 328.236633 39.999920
147.992630 327.770569 39.999920
148.500015 327.401917 39.999943
149.072952 327.146820 39.999950
149.686417 327.016418 39.999969
150.313583 327.016418 39.999977
150.927078 327.146820 39.999996
151.500015 327.401917 40.000015
152.007401 327.770569 40.000023
152.427078 328.236633 40.000027
152.740646 328.779785 40.000038
152.934464 329.376251 40.000038
152.934464 330.623749 49.999931
153.000015 330.000000 49.999931
152.740646 331.220215 49.999931
152.427048 331.763367 49.999916
152.007401 332.229431 49.999916
151.500015 332.598083 49.999893
150.927048 332.853180 49.999886
150.313583 332.983551 49.999863
149.686417 332.983551 49.999863
149.072952 332.853180 49.999844
148.500015 332.598083 49.999832
147.992630 332.229431 49.999813
147.572952 331.763367 49.999813
147.259384 331.220215 49.999798
147.065567 330.623749 49.999798
147.000015 330.000000 49.999798
147.065567 329.376251 49.999798
147.259384 328.779785 49.999798
147.572952 328.236633 49.999813
147.992630 327.770569 49.999813
148.500015 327.401917 49.999832
149.072952 327.146820 49.999844
149.686417 327.016418 49.999863
150.313583 327.016418 49.999863
150.927078 327.146820 49.999886
151.500015 327.401917 49.999893
152.007401 327.770569 49.999916
152.427078 328.236633 49.999916
152.740646 328.779785 49.999931
152.934464 329.376251 49.999931
152.934464 330.623749 59.999985
153.000015 330.000000 59.999985
152.740646 331.220215 59.999985
152.427048 331.763367 59.999973
152.007401 332.229431 59.999973
151.500015 332.598083 59.999954
150.927048 332.853180 59.999928
150.313583 332.983551 59.999916
149.686417 332.983551 59.999916
149.072952 332.853180 59.999912
148.500015 332.598083 59.999882
147.992630 332.229431 59.999866
147.572952 331.763367 59.999866
147.259384 331.220215 59.999855
147.065567 330.623749 59.999855
147.000015 330.000000 59.999855
147.065567 329.376251 59.999855
147.259384 328.779785 59.999855
147.572952 328.236633 59.999866
147.992630 327.770569 59.999866
148.500015 327.401917 59.999882
149.072952 327.146820 59.999912
149.686417 327.016418 59.999916
150.313583 327.016418 59.999916
150.927048 327.146820 59.999928
151.500015 327.401917 59.999954
152.007401 327.770569 59.999973
152.427048 328.236633 59.999973
152.740646 328.779785 59.999985
152.934464 329.376251 59.999985
152.934464 330.623749 70.000046
153.000015 330.000000 70.000046
152.740646 331.220215 70.000046
152.427048 331.763367 70.000031
152.007401 332.229431 70.000023
151.500015 332.598083 70.000008
150.927048 332.853180 70.000008
150.313583 332.983551 69.999969
149.686417 332.983551 69.999969
149.072952 332.853180 69.999947
148.500015 332.598083 69.999939
147.992630 332.229431 69.999931
147.572952 331.763367 69.999908
147.259384 331.220215 69.999908
147.065567 330.623749 69.999908
147.000015 330.000000 69.999908
147.065567 329.376251 69.999908
147.259384 328.779785 69.999908
147.572952 328.236633 69.999908
147.992630 327.770569 69.999931
148.500015 327.401917 69.999939
149.072952 327.146820 69.999947
149.686417 327.016418 69.999969
150.313583 327.016418 69.999969
150.927048 327.146820 70.000008
151.500015 327.401917 70.000008
152.007401 327.770569 70.000023
152.427048 328.236633 70.000031
152.740646 328.779785 70.000046
152.934464 329.376251 70.000046
152.934464 330.623749 79.999931
153.000015 330.000000 79.999931
152.740646 331.220215 79.999931
152.427048 331.763367 79.999924
152.007401 332.229431 79.999901
151.500015 332.598083 79.999893
150.927048 332.853180 79.999893
150.313583 332.983551 79.999863
149.686417 332.983551 79.999863
149.072952 332.853180 79.999840
148.500015 332.598083 79.999825
147.992630 332.229431 79.999825
147.572952 331.763367 79.999802
147.259384 331.220215 79.999802
147.065567 330.623749 79.999802
147.000015 330.000000 79.999802
147.065567 329.376251 79.999802
147.259384 328.779785 79.999802
147.572952 328.236633 79.999802
147.992630 327.770569 79.999825
148.500015 327.401917 79.999825
149.072952 327.146820 79.999840
149.686417 327.016418 79.999863
150.313583 327.016418 79.999863
150.927048 327.146820 79.999893
151.500015 327.401917 79.999893
152.007401 327.770569 79.999901
152.427048 328.236633 79.999924
152.740646 328.779785 79.999931
152.934464 329.376251 79.999931
152.934464 330.623749 90.000000
153.000015 330.000000 90.000000
152.740646 331.220215 90.000000
152.427048 331.763367 90.000000
152.007401 332.229431 89.999962
151.500015 332.598083 89.999947
150.927048 332.853180 89.999947
150.313583 332.983551 89.999916
149.686417 332.983551 89.999916
149.072952 332.853180 89.999886
148.500015 332.598083 89.999886
147.992630 332.229431 89.999870
147.572952 331.763367 89.999863
147.259384 331.220215 89.999840
147.065567 330.623749 89.999840
147.000015 330.000000 89.999840
147.065567 329.376251 89.999840
147.259384 328.779785 89.999840
147.572952 328.236633 89.999863
147.992630 327.770569 89.999870
148.500015 327.401917 89.999886
149.072952 327.146820 89.999886
149.686417 327.016418 89.999916
150.313583 327.016418 89.999916
150.927048 327.146820 89.999947
151.500015 327.401917 89.999947
152.007401 327.770569 89.999962
152.427048 328.236633 90.000000
152.740646 328.779785 90.000000
152.934464 329.376251 90.000000
152.934464 330.623749 100.000061
153.000015 330.000000 100.000061
152.740646 331.220215 100.000061
152.427048 331.763367 100.000061
152.007401 332.229431 100.000008
151.500015 332.598083 100.000008
150.927048 332.853180 100.000008
150.313583 332.983551 99.999977
149.686417 332.983551 99.999977
149.072952 332.853180 99.999931
148.500015 332.598083 99.999931
147.992630 332.229431 99.999931
147.572952 331.763367 99.999916
147.259384 331.220215 99.999916
147.065567 330.623749 99.999916
147.000015 330.000000 99.999916
147.065567 329.376251 99.999916
147.259384 328.779785 99.999916
147.572952 328.236633 99.999916
147.992630 327.770569 99.999931
148.500015 327.401917 99.999931
149.072952 327.146820 99.999931
149.686417 327.016418 99.999977
150.313583 327.016418 99.999977
150.927048 327.146820 100.000008
151.500015 327.401917 100.000008
152.007401 327.770569 100.000008
152.427048 328.236633 100.000061
152.740646 328.779785 100.000061
152.934464 329.376251 100.000061
152.934464 330.623749 109.999931
153.000015 330.000000 109.999931
152.740646 331.220215 109.999931
152.427048 331.763367 109.999931
152.007401 332.229431 109.999901
151.500015 332.598083 109.999901
150.927048 332.853180 109.999901
150.313583 332.983551 109.999870
149.686417 332.983551 109.999870
149.072952 332.853180 109.999825
148.500015 332.598083 109.999825
147.992630 332.229431 109.999825
147.572952 331.763367 109.999809
147.259384 331.220215 109.999809
147.065567 330.623749 109.999809
147.000015 330.000000 109.999809
147.065567 329.376251 109.999809
147.259384 328.779785 109.999809
147.572952 328.236633 109.999809
147.992630 327.770569 109.999825
148.500015 327.401917 109.999825
149.072952 327.146820 109.999825
149.686417 327.016418 109.999870
150.313583 327.016418 109.999870
150.927048 327.146820 109.999901
151.500015 327.401917 109.999901
152.007401 327.770569 109.999901
152.427048 328.236633 109.999931
152.740646 328.779785 109.999931
152.934464 329.376251 109.999931
152.934464 330.623749 120.000000
153.000015 330.000000 120.000000
152.740646 331.220215 120.000000
152.427048 331.763367 120.000000
152.007401 332.229431 119.999954
151.500015 332.598083 119.999954
150.927048 332.853180 119.999954
150.313583 332.983551 119.999924
149.686417 332.983551 119.999924
149.072952 332.853180 119.999893
148.500015 332.598083 119.999893
147.992599 332.229431 119.999893
147.572952 331.763367 119.999840
147.259384 331.220215 119.999840
147.065567 330.623749 119.999840
147.000015 330.000000 119.999840
147.065567 329.376251 119.999840
147.259384 328.779785 119.999840
147.572952 328.236633 119.999840
147.992630 327.770569 119.999893
148.500015 327.401917 119.999893
149.072952 327.146820 119.999893
149.686417 327.016418 119.999924
150.313583 327.016418 119.999924
150.927048 327.146820 119.999954
151.500015 327.401917 119.999954
152.007401 327.770569 119.999954
152.427048 328.236633 120.000000
152.740646 328.779785 120.000000
152.934464 329.376251 120.000000
152.934464 330.623749 130.000000
153.000015 330.000000 130.000000
152.740646 331.220215 130.000000
152.427048 331.763367 130.000000
152.007401 332.229431 130.000000
151.500015 332.598083 130.000000
150.927048 332.853180 129.999969
150.313583 332.983551 129.999924
149.686417 332.983551 129.999924
149.072952 332.853180 129.999908
148.500015 332.598083 129.999863
147.992599 332.229431 129.999863
147.572952 331.763367 129.999863
147.259384 331.220215 129.999863
147.065567 330.623749 129.999863
147.000015 330.000000 129.999863
147.065567 329.376251 129.999863
147.259384 328.779785 129.999863
147.572952 328.236633 129.999863
147.992599 327.770569 129.999863
148.500015 327.401917 129.999863
149.072952 327.146820 129.999908
149.686417 327.016418 129.999924
150.313583 327.016418 129.999924
150.927048 327.146820 129.999969
151.500015 327.401917 130.000000
152.007401 327.770569 130.000000
152.427048 328.236633 130.000000
152.740646 328.779785 130.000000
152.934464 329.376251 130.000000
152.934433 330.623749 139.999893
153.000015 330.000000 139.999893
152.740646 331.220215 139.999893
152.427048 331.763367 139.999893
152.007401 332.229431 139.999893
151.500015 332.598083 139.999893
150.927048 332.853180 139.999847
150.313583 332.983551 139.999817
149.686417 332.983551 139.999817
149.072952 332.853180 139.999817
148.500015 332.598083 139.999771
147.992599 332.229431 139.999771
147.572952 331.763367 139.999771
147.259354 331.220215 139.999771
147.065567 330.623749 139.999771
147.000015 330.000000 139.999771
147.065567 329.376251 139.999771
147.259354 328.779785 139.999771
147.572952 328.236633 139.999771
147.992599 327.770569 139.999771
148.500015 327.401917 139.999771
149.072952 327.146820 139.999817
149.686417 327.016418 139.999817
150.313583 327.016418 139.999817
150.927048 327.146820 139.999847
151.500015 327.401917 139.999893
152.007401 327.770569 139.999893
152.427048 328.236633 139.999893
152.740646 328.779785 139.999893
152.934464 329.376251 139.999893
152.934433 330.623749 149.999954
153.000015 330.000000 149.999954
152.740646 331.220215 149.999954
152.427048 331.763367 149.999954
152.007401 332.229431 149.999924
151.500015 332.598083 149.999924
150.927048 332.853180 149.999878
150.313583 332.983551 149.999878
149.686417 332.983551 149.999878
149.072952 332.853180 149.999878
148.500015 332.598083 149.999832
147.992599 332.229431 149.999832
147.572952 331.763367 149.999802
147.259354 331.220215 149.999802
147.065567 330.623749 149.999802
147.000015 330.000000 149.999802
147.065567 329.376251 149.999802
147.259354 328.779785 149.999802
147.572952 328.236633 149.999802
147.992599 327.770569 149.999832
148.500015 327.401917 149.999832
149.072952 327.146820 149.999878
149.686417 327.016418 149.999878
150.313583 327.016418 149.999878
150.927048 327.146820 149.999878
151.500015 327.401917 149.999924
152.007401 327.770569 149.999924
152.427048 328.236633 149.999954
152.740646 328.779785 149.999954
152.934464 329.376251 149.999954
152.567642 330.545776 149.999954
152.625015 330.000000 149.999954
152.398056 331.067688 149.999954
152.123672 331.542938 149.999924
151.756485 331.950745 149.999924
151.312515 332.273315 149.999878
150.811172 332.496521 149.999878
150.274399 332.610626 149.999878
149.725632 332.610626 149.999878
149.188828 332.496521 149.999878
148.687515 332.273315 149.999878
148.243546 331.950745 149.999832
147.876328 331.542938 149.999832
147.601944 331.067688 149.999802
147.432358 330.545776 149.999802
147.375015 330.000000 149.999802
147.432358 329.454224 149.999802
147.601944 328.932312 149.999802
147.876328 328.457062 149.999832
148.243546 328.049255 149.999832
148.687515 327.726685 149.999878
149.188828 327.503479 149.999878
149.725632 327.389374 149.999878
150.274399 327.389374 149.999878
150.811172 327.503479 149.999878
151.312515 327.726685 149.999878
151.756485 328.049255 149.999924
152.123672 328.457062 149.999924
152.398056 328.932312 149.999954
152.567642 329.454224 149.999954
152.200851 330.467804 149.999954
152.250015 330.000000 149.999954
152.055496 330.915161 149.999924
151.820297 331.322510 149.999924
151.505539 331.672089 149.999924
151.125015 331.948547 149.999878
150.695297 332.139893 149.999878
150.235184 332.237671 149.999878
149.764816 332.237671 149.999878
149.304703 332.139893 149.999878
148.875015 331.948547 149.999878
148.494461 331.672089 149.999832
148.179703 331.322510 149.999832
147.944534 330.915161 149.999832
147.799179 330.467804 149.999802
147.750015 330.000000 149.999802
147.799179 329.532196 149.999802
147.944534 329.084839 149.999832
148.179703 328.677490 149.999832
148.494461 328.327911 149.999832
148.875015 328.051453 149.999878
149.304703 327.860107 149.999878
149.764816 327.762329 149.999878
150.235184 327.762329 149.999878
150.695297 327.860107 149.999878
151.125015 328.051453 149.999878
151.505539 328.327911 149.999924
151.820297 328.677490 149.999924
152.055496 329.084839 149.999924
152.200851 329.532196 149.999954
151.834030 330.389832 149.999924
151.875015 330.000000 149.999924
151.712906 330.762634 149.999924
151.516922 331.102112 149.999924
151.254623 331.393402 149.999878
150.937515 331.623810 149.999878
150.579422 331.783234 149.999878
150.195999 331.864716 149.999878
149.804001 331.864716 149.999878
149.420609 331.783234 149.999878
149.062515 331.623810 149.999878
148.745377 331.393402 149.999878
148.483109 331.102112 149.999832
148.287094 330.762634 149.999832
148.165970 330.389832 149.999832
148.125015 330.000000 149.999832
148.165970 329.610168 149.999832
148.287094 329.237366 149.999832
148.483109 328.897888 149.999832
148.745377 328.606598 149.999878
149.062515 328.376190 149.999878
149.420609 328.216766 149.999878
149.804001 328.135284 149.999878
150.195999 328.135284 149.999878
150.579422 328.216766 149.999878
150.937515 328.376190 149.999878
151.254623 328.606598 149.999878
151.516922 328.897888 149.999924
151.712906 329.237366 149.999924
151.834030 329.610168 149.999924
151.467239 330.311859 149.999924
151.500015 330.000000 149.999924
151.370316 330.610107 149.999878
151.213516 330.881683 149.999878
151.003708 331.114716 149.999878
150.750015 331.299042 149.999878
150.463516 331.426575 149.999878
150.156784 331.491791 149.999878
149.843216 331.491791 149.999878
149.536484 331.426575 149.999878
149.250015 331.299042 149.999878
148.996323 331.114716 149.999878
148.786484 330.881683 149.999878
148.629684 330.610107 149.999878
148.532791 330.311859 149.999832
148.500015 330.000000 149.999832
148.532791 329.688141 149.999832
148.629684 329.389893 149.999878
148.786484 329.118317 149.999878
148.996323 328.885284 149.999878
149.250015 328.700958 149.999878
149.536484 328.573425 149.999878
149.843216 328.508209 149.999878
150.156784 328.508209 149.999878
150.463516 328.573425 149.999878
150.750015 328.700958 149.999878
151.003708 328.885284 149.999878
151.213516 329.118317 149.999878
151.370316 329.389893 149.999878
151.467239 329.688141 149.999924
151.100418 330.233887 149.999878
151.125015 330.000000 149.999878
151.027756 330.457581 149.999878
150.910141 330.661255 149.999878
150.752762 330.836029 149.999878
150.562515 330.974274 149.999878
150.347641 331.069946 149.999878
150.117599 331.118835 149.999878
149.882401 331.118835 149.999878
149.652359 331.069946 149.999878
149.437515 330.974274 149.999878
149.247238 330.836029 149.999878
149.089859 330.661255 149.999878
148.972275 330.457581 149.999878
148.899582 330.233887 149.999878
148.875015 330.000000 149.999878
148.899582 329.766113 149.999878
148.972275 329.542419 149.999878
149.089859 329.338745 149.999878
149.247238 329.163971 149.999878
149.437515 329.025726 149.999878
149.652359 328.930054 149.999878
149.882401 328.881165 149.999878
150.117599 328.881165 149.999878
150.347641 328.930054 149.999878
150.562515 329.025726 149.999878
150.752762 329.163971 149.999878
150.910141 329.338745 149.999878
151.027756 329.542419 149.999878
151.100418 329.766113 149.999878
150.733627 330.155945 149.999878
150.750015 330.000000 149.999878
150.685165 330.305054 149.999878
150.606766 330.440826 149.999878
150.501846 330.557373 149.999878
150.375015 330.649506 149.999878
150.231766 330.713287 149.999878
150.078415 330.745880 149.999878
149.921616 330.745880 149.999878
149.768234 330.713287 149.999878
149.625015 330.649506 149.999878
149.498154 330.557373 149.999878
149.393234 330.440826 149.999878
149.314835 330.305054 149.999878
149.266403 330.155945 149.999878
149.250015 330.000000 149.999878
149.266403 329.844055 149.999878
149.314835 329.694946 149.999878
149.393234 329.559174 149.999878
149.498154 329.442627 149.999878
149.625015 329.350494 149.999878
149.768234 329.286713 149.999878
149.921616 329.254120 149.999878
150.078415 329.254120 149.999878
150.231766 329.286713 149.999878
150.375015 329.350494 149.999878
150.501846 329.442627 149.999878
150.606766 329.559174 149.999878
150.685165 329.694946 149.999878
150.733627 329.844055 149.999878
150.366806 330.077972 149.999878
150.375015 330.000000 149.999878
150.342575 330.152527 149.999878
150.303391 330.220428 149.999878
150.250931 330.278687 149.999878
150.187515 330.324768 149.999878
150.115891 330.356659 149.999878
150.039200 330.372955 149.999878
149.960800 330.372955 149.999878
149.884109 330.356659 149.999878
149.812515 330.324768 149.999878
149.749069 330.278687 149.999878
149.696609 330.220428 149.999878
149.657425 330.152527 149.999878
149.633194 330.077972 149.999878
149.625015 330.000000 149.999878
149.633194 329.922028 149.999878
149.657425 329.847473 149.999878
149.696609 329.779572 149.999878
149.749069 329.721313 149.999878
149.812515 329.675232 149.999878
149.884109 329.643341 149.999878
149.960800 329.627045 149.999878
150.039200 329.627045 149.999878
150.115891 329.643341 149.999878
150.187515 329.675232 149.999878
150.250931 329.721313 149.999878
150.303391 329.779572 149.999878
150.342575 329.847473 149.999878
150.366806 329.922028 149.999878
150.000015 330.000000 149.999878
2700
0 1 2
0 3 1
0 4 3
0 5 4
0 6 5
0 7 6
0 8 7
0 9 8
0 10 9
0 11 10
0 12 11
0 13 12
0 14 13
0 15 14
0 16 15
0 17 16
0 18 17
0 19 18
0 20 19
0 21 20
0 22 21
0 23 22
0 24 23
0 25 24
0 26 25
0 27 26
0 28 27
0 29 28
0 30 29
0 2 30
2 31 32
2 1 31
1 33 31
1 3 33
3 34 33
3 4 34
4 35 34
4 5 35
5 36 35
5 6 36
6 37 36
6 7 37
7 38 37
7 8 38
8 39 38
8 9 39
9 40 39
9 10 40
10 41 40
10 11 41
11 42 41
11 12 42
12 43 42
12 13 43
13 44 43
13 14 44
14 45 44
14 15 45
15 46 45
15 16 46
16 47 46
16 17 47
17 48 47
17 18 48
18 49 48
18 19 49
19 50 49
19 20 50
20 51 50
20 21 51
21 52 51
21 22 52
22 53 52
22 23 53
23 54 53
23 24 54
24 55 54
24 25 55
25 56 55
25 26 56
26 57 56
26 27 57
27 58 57
27 28 58
28 59 58
28 29 59
29 60 59
29 30 60
30 32 60
30 2 32
32 61 62
32 31 61
31 63 61
31 33 63
33 64 63
33 34 64
34 65 64
34 35 65
35 66 65
35 36 66
36 67 66
36 37 67
37 68 67
37 38 68
38 69 68
38 39 69
39 70 69
39 40 70
40 71 70
40 41 71
41 72 71
41 42 72
42 73 72
42 43 73
43 74 73
43 44 74
44 75 74
44 45 75
45 76 75
45 46 76
46 77 76
46 47 77
47 78 77
47 48 78
48 79 78
48 49 79
49 80 79
49 50 80
50 81 80
50 51 81
51 82 81
51 52 82
52 83 82
52 53 83
53 84 83
53 54 84
54 85 84
54 55 85
55 86 85
55 56 86
56 87 86
56 57 87
57 88 87
57 58 88
58 89 88
58 59 89
59 90 89
59 60 90
60 62 90
60 32 62
62 91 92
62 61 91
61 93 91
61 63 93
63 94 93
63 64 94
64 95 94
64 65 95
65 96 95
65 66 96
66 97 96
66 67 97
67 98 97
67 68 98
68 99 98
68 69 99
69 100 99
69 70 100
70 101 100
70 71 101
71 102 101
71 72 102
72 103 102
72 73 103
73 104 103
73 74 104
74 105 104
74 75 105
75 106 105
75 76 106
76 107 106
76 77 107
77 108 107
77 78 108
78 109 108
78 79 109
79 110 109
79 80 110
80 111 110
80 81 111
81 112 111
81 82 112
82 113 112
82 83 113
83 114 113
83 84 114
84 115 114
84 85 115
85 116 115
85 86 116
86 117 116
86 87 117
87 118 117
87 88 118
88 119 118
88 89 119
89 120 119
89 90 120
90 92 120
90 62 92
92 121 122
92 91 121
91 123 121
91 93 123
93 124 123
93 94 124
94 125 124
94 95 125
95 126 125
95 96 126
96 127 126
96 97 127
97 128 127
97 98 128
98 129 128
98 99 129
99 130 129
99 100 130
100 131 130
100 101 131
101 132 131
101 102 132
102 133 132
102 103 133
103 134 133
103 104 134
104 135 134
104 105 135
105 136 135
105 106 136
106 137 136
106 107 137
107 138 137
107 108 138
108 139 138
108 109 139
109 140 139
109 110 140
110 141 140
110 111 141
111 142 141
111 112 142
112 143 142
112 113 143
113 144 143
113 114 144
114 145 144
114 115 145
115 146 145
115 116 146
116 147 146
116 117 147
117 148 147
117 118 148
118 149 148
118 119 149
119 150 149
119 120 150
120 122 150
120 92 122
122 151 152
122 121 151
121 153 151
121 123 153
123 154 153
123 124 154
124 155 154
124 125 155
125 156 155
125 126 156
126 157 156
126 127 157
127 158 157
127 128 158
128 159 158
128 129 159
129 160 159
129 130 160
130 161 160
130 131 161
131 162 161
131 132 162
132 163 162
132 133 163
133 164 163
133 134 164
134 165 164
134 135 165
135 166 165
135 136 166
136 167 166
136 137 167
137 168 167
137 138 168
138 169 168
138 139 169
139 170 169
139 140 170
140 171 170
140 141 171
141 172 171
141 142 172
142 173 172
142 143 173
143 174 173
143 144 174
144 175 174
144 145 175
145 176 175
145 146 176
146 177 176
146 147 177
147 178 177
147 148 178
148 179 178
148 149 179
149 180 179
149 150 180
150 152 180
150 122 152
152 181 182
152 151 181
151 183 181
151 153 183
153 184 183
153 154 184
154 185 184
154 155 185
155 186 185
155 156 186
156 187 186
156 157 187
157 188 187
157 158 188
158 189 188
158 159 189
159 190 189
159 160 190
160 191 190
160 161 191
161 192 191
161 162 192
162 193 192
162 163 193
163 194 193
163 164 194
164 195 194
164 165 195
165 196 195
165 166 196
166 197 196
166 167 197
167 198 197
167 168 198
168 199 198
168 169 199
169 200 199
169 170 200
170 201 200
170 171 201
171 202 201
171 172 202
172 203 202
172 173 203
173 204 203
173 174 204
174 205 204
174 175 205
175 206 205
175 176 206
176 207 206
176 177 207
177 208 207
177 178 208
178 209 208
178 179 209
179 210 209
179 180 210
180 182 210
180 152 182
182 211 212
182 181 211
181 213 211
181 183 213
183 214 213
183 184 214
184 215 214
184 185 215
185 216 215
185 186 216
186 217 216
186 187 217
187 218 217
187 188 218
188 219 218
188 189 219
189 220 219
189 190 220
190 221 220
190 191 221
191 222 221
191 192 222
192 223 222
192 193 223
193 224 223
193 194 224
194 225 224
194 195 225
195 226 225
195 196 226
196 227 226
196 197 227
197 228 227
197 198 228
198 229 228
198 199 229
199 230 229
199 200 230
200 231 230
200 201 231
201 232 231
201 202 232
202 233 232
202 203 233
203 234 233
203 204 234
204 235 234
204 205 235
205 236 235
205 206 236
206 237 236
206 207 237
207 238 237
207 208 238
208 239 238
208 209 239
209 240 239
209 210 240
210 212 240
210 182 212
212 241 242
212 211 241
211 243 241
211 213 243
213 244 243
213 214 244
214 245 244
214 215 245
215 246 245
215 216 246
216 247 246
216 217 247
217 248 247
217 218 248
218 249 248
218 219 249
219 250 249
219 220 250
220 251 250
220 221 251
221 252 251
221 222 252
222 253 252
222 223 253
223 254 253
223 224 254
224 255 254
224 225 255
225 256 255
225 226 256
226 257 256
226 227 257
227 258 257
227 228 258
228 259 258
228 229 259
229 260 259
229 230 260
230 261 260
230 231 261
231 262 261
231 232 262
232 263 262
232 233 263
233 264 263
233 234 264
234 265 264
234 235 265
235 266 265
235 236 266
236 267 266
236 237 267
237 268 267
237 238 268
238 269 268
238 239 269
239 270 269
239 240 270
240 242 270
240 212 242
242 271 272
242 241 271
241 273 271
241 243 273
243 274 273
243 244 274
244 275 274
244 245 275
245 276 275
245 246 276
246 277 276
246 247 277
247 278 277
247 248 278
248 279 278
248 249 279
249 280 279
249 250 280
250 281 280
250 251 281
251 282 281
251 252 282
252 283 282
252 253 283
253 284 283
253 254 284
254 285 284
254 255 285
255 286 285
255 256 286
256 287 286
256 257 287
257 288 287
257 258 288
258 289 288
258 259 289
259 290 289
259 260 290
260 291 290
260 261 291
261 292 291
261 262 292
262 293 292
262 263 293
263 294 293
263 264 294
264 295 294
264 265 295
265 296 295
265 266 296
266 297 296
266 267 297
267 298 297
267 268 298
268 299 298
268 269 299
269 300 299
269 270 300
270 272 300
270 242 272
272 301 302
272 271 301
271 303 301
271 273 303
273 304 303
273 274 304
274 305 304
274 275 305
275 306 305
275 276 306
276 307 306
276 277 307
277 308 307
277 278 308
278 309 308
278 279 309
279 310 309
279 280 310
280 311 310
280 281 311
281 312 311
281 282 312
282 313 312
282 283 313
283 314 313
283 284 314
284 315 314
284 285 315
285 316 315
285 286 316
286 317 316
286 287 317
287 318 317
287 288 318
288 319 318
288 289 319
289 320 319
289 290 320
290 321 320
290 291 321
291 322 321
291 292 322
292 323 322
292 293 323
293 324 323
293 294 324
294 325 324
294 295 325
295 326 325
295 296 326
296 327 326
296 297 327
297 328 327
297 298 328
298 329 328
298 299 329
299 330 329
299 300 330
300 302 330
300 272 302
302 331 332
302 301 331
301 333 331
301 303 333
303 334 333
303 304 334
304 335 334
304 305 335
305 336 335
305 306 336
306 337 336
306 307 337
307 338 337
307 308 338
308 339 338
308 309 339
309 340 339
309 310 340
310 341 340
310 311 341
311 342 341
311 312 342
312 343 342
312 313 343
313 344 343
313 314 344
314 345 344
314 315 345
315 346 345
315 316 346
316 347 346
316 317 347
317 348 347
317 318 348
318 349 348
318 319 349
319 350 349
319 320 350
320 351 350
320 321 351
321 352 351
321 322 352
322 353 352
322 323 353
323 354 353
323 324 354
324 355 354
324 325 355
325 356 355
325 326 356
326 357 356
326 327 357
327 358 357
327 328 358
328 359 358
328 329 359
329 360 359
329 330 360
330 332 360
330 302 332
332 361 362
332 331 361
331 363 361
331 333 363
333 364 363
333 334 364
334 365 364
334 335 365
335 366 365
335 336 366
336 367 366
336 337 367
337 368 367
337 338 368
338 369 368
338 339 369
339 370 369
339 340 370
340 371 370
340 341 371
341 372 371
341 342 372
342 373 372
342 343 373
343 374 373
343 344 374
344 375 374
344 345 375
345 376 375
345 346 376
346 377 376
346 347 377
347 378 377
347 348 378
348 379 378
348 349 379
349 380 379
349 350 380
350 381 380
350 351 381
351 382 381
351 352 382
352 383 382
352 353 383
353 384 383
353 354 384
354 385 384
354 355 385
355 386 385
355 356 386
356 387 386
356 357 387
357 388 387
357 358 388
358 389 388
358 359 389
359 390 389
359 360 390
360 362 390
360 332 362
362 391 392
362 361 391
361 393 391
361 363 393
363 394 393
363 364 394
364 395 394
364 365 395
365 396 395
365 366 396
366 397 396
366 367 397
367 398 397
367 368 398
368 399 398
368 369 399
369 400 399
369 370 400
370 401 400
370 371 401
371 402 401
371 372 402
372 403 402
372 373 403
373 404 403
373 374 404
374 405 404
374 375 405
375 406 405
375 376 406
376 407 406
376 377 407
377 408 407
377 378 408
378 409 408
378 379 409
379 410 409
379 380 410
380 411 410
380 381 411
381 412 411
381 382 412
382 413 412
382 383 413
383 414 413
383 384 414
384 415 414
384 385 415
385 416 415
385 386 416
386 417 416
386 387 417
387 418 417
387 388 418
388 419 418
388 389 419
389 420 419
389 390 420
390 392 420
390 362 392
392 421 422
392 391 421
391 423 421
391 393 423
393 424 423
393 394 424
394 425 424
394 395 425
395 426 425
395 396 426
396 427 426
396 397 427
397 428 427
397 398 428
398 429 428
398 399 429
399 430 429
399 400 430
400 431 430
400 401 431
401 432 431
401 402 432
402 433 432
402 403 433
403 434 433
403 404 434
404 435 434
404 405 435
405 436 435
405 406 436
406 437 436
406 407 437
407 438 437
407 408 438
408 439 438
408 409 439
409 440 439
409 410 440
410 441 440
410 411 441
411 442 441
411 412 442
412 443 442
412 413 443
413 444 443
413 414 444
414 445 444
414 415 445
415 446 445
415 416 446
416 447 446
416 417 447
417 448 447
417 418 448
418 449 448
418 419 449
419 450 449
419 420 450
420 422 450
420 392 422
422 451 452
422 421 451
421 453 451
421 423 453
423 454 453
423 424 454
424 455 454
424 425 455
425 456 455
425 426 456
426 457 456
426 427 457
427 458 457
427 428 458
428 459 458
428 429 459
429 460 459
429 430 460
430 461 460
430 431 461
431 462 461
431 432 462
432 463 462
432 433 463
433 464 463
433 434 464
434 465 464
434 435 465
435 466 465
435 436 466
436 467 466
436 437 467
437 468 467
437 438 468
438 469 468
438 439 469
439 470 469
439 440 470
440 471 470
440 441 471
441 472 471
441 442 472
442 473 472
442 443 473
443 474 473
443 444 474
444 475 474
444 445 475
445 476 475
445 446 476
446 477 476
446 447 477
447 478 477
447 448 478
448 479 478
448 449 479
449 480 479
449 450 480
450 452 480
450 422 452
452 481 482
452 451 481
451 483 481
451 453 483
453 484 483
453 454 484
454 485 484
454 455 485
455 486 485
455 456 486
456 487 486
456 457 487
457 488 487
457 458 488
458 489 488
458 459 489
459 490 489
459 460 490
460 491 490
460 461 491
461 492 491
461 462 492
462 493 492
462 463 493
463 494 493
463 464 494
464 495 494
464 465 495
465 496 495
465 466 496
466 497 496
466 467 497
467 498 497
467 468 498
468 499 498
468 469 499
469 500 499
469 470 500
470 501 500
470 471 501
471 502 501
471 472 502
472 503 502
472 473 503
473 504 503
473 474 504
474 505 504
474 475 505
475 506 505
475 476 506
476 507 506
476 477 507
477 508 507
477 478 508
478 509 508
478 479 509
479 510 509
479 480 510
480 482 510
480 452 482
482 511 512
482 481 511
481 513 511
481 483 513
483 514 513
483 484 514
484 515 514
484 485 515
485 516 515
485 486 516
486 517 516
486 487 517
487 518 517
487 488 518
488 519 518
488 489 519
489 520 519
489 490 520
490 521 520
490 491 521
491 522 521
491 492 522
492 523 522
492 493 523
493 524 523
493 494 524
494 525 524
494 495 525
495 526 525
495 496 526
496 527 526
496 497 527
497 528 527
497 498 528
498 529 528
498 499 529
499 530 529
499 500 530
500 531 530
500 501 531
501 532 531
501 502 532
502 533 532
502 503 533
503 534 533
503 504 534
504 535 534
504 505 535
505 536 535
505 506 536
506 537 536
506 507 537
507 538 537
507 508 538
508 539 538
508 509 539
509 540 539
509 510 540
510 512 540
510 482 512
512 541 542
512 511 541
511 543 541
511 513 543
513 544 543
513 514 544
514 545 544
514 515 545
515 546 545
515 516 546
516 547 546
516 517 547
517 548 547
517 518 548
518 549 548
518 519 549
519 550 549
519 520 550
520 551 550
520 521 551
521 552 551
521 522 552
522 553 552
522 523 553
523 554 553
523 524 554
524 555 554
524 525 555
525 556 555
525 526 556
526 557 556
526 527 557
527 558 557
527 528 558
528 559 558
528 529 559
529 560 559
529 530 560
530 561 560
530 531 561
531 562 561
531 532 562
532 563 562
532 533 563
533 564 563
533 534 564
534 565 564
534 535 565
535 566 565
535 536 566
536 567 566
536 537 567
537 568 567
537 538 568
538 569 568
538 539 569
539 570 569
539 540 570
540 542 570
540 512 542
542 571 572
542 541 571
541 573 571
541 543 573
543 574 573
543 544 574
544 575 574
544 545 575
545 576 575
545 546 576
546 577 576
546 547 577
547 578 577
547 548 578
548 579 578
548 549 579
549 580 579
549 550 580
550 581 580
550 551 581
551 582 581
551 552 582
552 583 582
552 553 583
553 584 583
553 554 584
554 585 584
554 555 585
555 586 585
555 556 586
556 587 586
556 557 587
557 588 587
557 558 588
558 589 588
558 559 589
559 590 589
559 560 590
560 591 590
560 561 591
561 592 591
561 562 592
562 593 592
562 563 593
563 594 593
563 564 594
564 595 594
564 565 595
565 596 595
565 566 596
566 597 596
566 567 597
567 598 597
567 568 598
568 599 598
568 569 599
569 600 599
569 570 600
570 572 600
570 542 572
572 601 602
572 571 601
571 603 601
571 573 603
573 604 603
573 574 604
574 605 604
574 575 605
575 606 605
575 576 606
576 607 606
576 577 607
577 608 607
577 578 608
578 609 608
578 579 609
579 610 609
579 580 610
580 611 610
580 581 611
581 612 611
581 582 612
582 613 612
582 583 613
583 614 613
583 584 614
584 615 614
584 585 615
585 616 615
585 586 616
586 617 616
586 587 617
587 618 617
587 588 618
588 619 618
588 589 619
589 620 619
589 590 620
590 621 620
590 591 621
591 622 621
591 592 622
592 623 622
592 593 623
593 624 623
593 594 624
594 625 624
594 595 625
595 626 625
595 596 626
596 627 626
596 597 627
597 628 627
597 598 628
598 629 628
598 599 629
599 630 629
599 600 630
600 602 630
600 572 602
602 631 632
602 601 631
601 633 631
601 603 633
603 634 633
603 604 634
604 635 634
604 605 635
605 636 635
605 606 636
606 637 636
606 607 637
607 638 637
607 608 638
608 639 638
608 609 639
609 640 639
609 610 640
610 641 640
610 611 641
611 642 641
611 612 642
612 643 642
612 613 643
613 644 643
613 614 644
614 645 644
614 615 645
615 646 645
615 616 646
616 647 646
616 617 647
617 648 647
617 618 648
618 649 648
618 619 649
619 650 649
619 620 650
620 651 650
620 621 651
621 652 651
621 622 652
622 653 652
622 623 653
623 654 653
623 624 654
624 655 654
624 625 655
625 656 655
625 626 656
626 657 656
626 627 657
627 658 657
627 628 658
628 659 658
628 629 659
629 660 659
629 630 660
630 632 660
630 602 632
632 661 662
632 631 661
631 663 661
631 633 663
633 664 663
633 634 664
634 665 664
634 635 665
635 666 665
635 636 666
636 667 666
636 637 667
637 668 667
637 638 668
638 669 668
638 639 669
639 670 669
639 640 670
640 671 670
640 641 671
641 672 671
641 642 672
642 673 672
642 643 673
643 674 673
643 644 674
644 675 674
644 645 675
645 676 675
645 646 676
646 677 676
646 647 677
647 678 677
647 648 678
648 679 678
648 649 679
649 680 679
649 650 680
650 681 680
650 651 681
651 682 681
651 652 682
652 683 682
652 653 683
653 684 683
653 654 684
654 685 684
654 655 685
655 686 685
655 656 686
656 687 686
656 657 687
657 688 687
657 658 688
658 689 688
658 659 689
659 690 689
659 660 690
660 662 690
660 632 662
662 691 692
662 661 691
661 693 691
661 663 693
663 694 693
663 664 694
664 695 694
664 665 695
665 696 695
665 666 696
666 697 696
666 667 697
667 698 697
667 668 698
668 699 698
668 669 699
669 700 699
669 670 700
670 701 700
670 671 701
671 702 701
671 672 702
672 703 702
672 673 703
673 704 703
673 674 704
674 705 704
674 675 705
675 706 705
675 676 706
676 707 706
676 677 707
677 708 707
677 678 708
678 709 708
678 679 709
679 710 709
679 680 710
680 711 710
680 681 711
681 712 711
681 682 712
682 713 712
682 683 713
683 714 713
683 684 714
684 715 714
684 685 715
685 716 715
685 686 716
686 717 716
686 687 717
687 718 717
687 688 718
688 719 718
688 689 719
689 720 719
689 690 720
690 692 720
690 662 692
692 721 722
692 691 721
691 723 721
691 693 723
693 724 723
693 694 724
694 725 724
694 695 725
695 726 725
695 696 726
696 727 726
696 697 727
697 728 727
697 698 728
698 729 728
698 699 729
699 730 729
699 700 730
700 731 730
700 701 731
701 732 731
701 702 732
702 733 732
702 703 733
703 734 733
703 704 734
704 735 734
704 705 735
705 736 735
705 706 736
706 737 736
706 707 737
707 738 737
707 708 738
708 739 738
708 709 739
709 740 739
709 710 740
710 741 740
710 711 741
711 742 741
711 712 742
712 743 742
712 713 743
713 744 743
713 714 744
714 745 744
714 715 745
715 746 745
715 716 746
716 747 746
716 717 747
717 748 747
717 718 748
718 749 748
718 719 749
719 750 749
719 720 750
720 722 750
720 692 722
722 751 752
722 721 751
721 753 751
721 723 753
723 754 753
723 724 754
724 755 754
724 725 755
725 756 755
725 726 756
726 757 756
726 727 757
727 758 757
727 728 758
728 759 758
728 729 759
729 760 759
729 730 760
730 761 760
730 731 761
731 762 761
731 732 762
732 763 762
732 733 763
733 764 763
733 734 764
734 765 764
734 735 765
735 766 765
735 736 766
736 767 766
736 737 767
737 768 767
737 738 768
738 769 768
738 739 769
739 770 769
739 740 770
740 771 770
740 741 771
741 772 771
741 742 772
742 773 772
742 743 773
743 774 773
743 744 774
744 775 774
744 745 775
745 776 775
745 746 776
746 777 776
746 747 777
747 778 777
747 748 778
748 779 778
748 749 779
749 780 779
749 750 780
750 752 780
750 722 752
752 781 782
752 751 781
751 783 781
751 753 783
753 784 783
753 754 784
754 785 784
754 755 785
755 786 785
755 756 786
756 787 786
756 757 787
757 788 787
757 758 788
758 789 788
758 759 789
759 790 789
759 760 790
760 791 790
760 761 791
761 792 791
761 762 792
762 793 792
762 763 793
763 794 793
763 764 794
764 795 794
764 765 795
765 796 795
765 766 796
766 797 796
766 767 797
767 798 797
767 768 798
768 799 798
768 769 799
769 800 799
769 770 800
770 801 800
770 771 801
771 802 801
771 772 802
772 803 802
772 773 803
773 804 803
773 774 804
774 805 804
774 775 805
775 806 805
775 776 806
776 807 806
776 777 807
777 808 807
777 778 808
778 809 808
778 779 809
779 810 809
779 780 810
780 782 810
780 752 782
782 811 812
782 781 811
781 813 811
781 783 813
783 814 813
783 784 814
784 815 814
784 785 815
785 816 815
785 786 816
786 817 816
786 787 817
787 818 817
787 788 818
788 819 818
788 789 819
789 820 819
789 790 820
790 821 820
790 791 821
791 822 821
791 792 822
792 823 822
792 793 823
793 824 823
793 794 824
794 825 824
794 795 825
795 826 825
795 796 826
796 827 826
796 797 827
797 828 827
797 798 828
798 829 828
798 799 829
799 830 829
799 800 830
800 831 830
800 801 831
801 832 831
801 802 832
802 833 832
802 803 833
803 834 833
803 804 834
804 835 834
804 805 835
805 836 835
805 806 836
806 837 836
806 807 837
807 838 837
807 808 838
808 839 838
808 809 839
809 840 839
809 810 840
810 812 840
810 782 812
812 841 842
812 811 841
811 843 841
811 813 843
813 844 843
813 814 844
814 845 844
814 815 845
815 846 845
815 816 846
816 847 846
816 817 847
817 848 847
817 818 848
818 849 848
818 819 849
819 850 849
819 820 850
820 851 850
820 821 851
821 852 851
821 822 852
822 853 852
822 823 853
823 854 853
823 824 854
824 855 854
824 825 855
825 856 855
825 826 856
826 857 856
826 827 857
827 858 857
827 828 858
828 859 858
828 829 859
829 860 859
829 830 860
830 861 860
830 831 861
831 862 861
831 832 862
832 863 862
832 833 863
833 864 863
833 834 864
834 865 864
834 835 865
835 866 865
835 836 866
836 867 866
836 837 867
837 868 867
837 838 868
838 869 868
838 839 869
839 870 869
839 840 870
840 842 870
840 812 842
842 871 872
842 841 871
841 873 871
841 843 873
843 874 873
843 844 874
844 875 874
844 845 875
845 876 875
845 846 876
846 877 876
846 847 877
847 878 877
847 848 878
848 879 878
848 849 879
849 880 879
849 850 880
850 881 880
850 851 881
851 882 881
851 852 882
852 883 882
852 853 883
853 884 883
853 854 884
854 885 884
854 855 885
855 886 885
855 856 886
856 887 886
856 857 887
857 888 887
857 858 888
858 889 888
858 859 889
859 890 889
859 860 890
860 891 890
860 861 891
861 892 891
861 862 892
862 893 892
862 863 893
863 894 893
863 864 894
864 895 894
864 865 895
865 896 895
865 866 896
866 897 896
866 867 897
867 898 897
867 868 898
868 899 898
868 869 899
869 900 899
869 870 900
870 872 900
870 842 872
872 901 902
872 871 901
871 903 901
871 873 903
873 904 903
873 874 904
874 905 904
874 875 905
875 906 905
875 876 906
876 907 906
876 877 907
877 908 907
877 878 908
878 909 908
878 879 909
879 910 909
879 880 910
880 911 910
880 881 911
881 912 911
881 882 912
882 913 912
882 883 913
883 914 913
883 884 914
884 915 914
884 885 915
885 916 915
885 886 916
886 917 916
886 887 917
887 918 917
887 888 918
888 919 918
888 889 919
889 920 919
889 890 920
890 921 920
890 891 921
891 922 921
891 892 922
892 923 922
892 893 923
893 924 923
893 894 924
894 925 924
894 895 925
895 926 925
895 896 926
896 927 926
896 897 927
897 928 927
897 898 928
898 929 928
898 899 929
899 930 929
899 900 930
900 902 930
900 872 902
902 931 932
902 901 931
901 933 931
901 903 933
903 934 933
903 904 934
904 935 934
904 905 935
905 936 935
905 906 936
906 937 936
906 907 937
907 938 937
907 908 938
908 939 938
908 909 939
909 940 939
909 910 940
910 941 940
910 911 941
911 942 941
911 912 942
912 943 942
912 913 943
913 944 943
913 914 944
914 945 944
914 915 945
915 946 945
915 916 946
916 947 946
916 917 947
917 948 947
917 918 948
918 949 948
918 919 949
919 950 949
919 920 950
920 951 950
920 921 951
921 952 951
921 922 952
922 953 952
922 923 953
923 954 953
923 924 954
924 955 954
924 925 955
925 956 955
925 926 956
926 957 956
926 927 957
927 958 957
927 928 958
928 959 958
928 929 959
929 960 959
929 930 960
930 932 960
930 902 932
932 961 962
932 931 961
931 963 961
931 933 963
933 964 963
933 934 964
934 965 964
934 935 965
935 966 965
935 936 966
936 967 966
936 937 967
937 968 967
937 938 968
938 969 968
938 939 969
939 970 969
939 940 970
940 971 970
940 941 971
941 972 971
941 942 972
942 973 972
942 943 973
943 974 973
943 944 974
944 975 974
944 945 975
945 976 975
945 946 976
946 977 976
946 947 977
947 978 977
947 948 978
948 979 978
948 949 979
949 980 979
949 950 980
950 981 980
950 951 981
951 982 981
951 952 982
952 983 982
952 953 983
953 984 983
953 954 984
954 985 984
954 955 985
955 986 985
955 956 986
956 987 986
956 957 987
957 988 987
957 958 988
958 989 988
958 959 989
959 990 989
959 960 990
960 962 990
960 932 962
962 991 992
962 961 991
961 993 991
961 963 993
963 994 993
963 964 994
964 995 994
964 965 995
965 996 995
965 966 996
966 997 996
966 967 997
967 998 997
967 968 998
968 999 998
968 969 999
969 1000 999
969 970 1000
970 1001 1000
970 971 1001
971 1002 1001
971 972 1002
972 1003 1002
972 973 1003
973 1004 1003
973 974 1004
974 1005 1004
974 975 1005
975 1006 1005
975 976 1006
976 1007 1006
976 977 1007
977 1008 1007
977 978 1008
978 1009 1008
978 979 1009
979 1010 1009
979 980 1010
980 1011 1010
980 981 1011
981 1012 1011
981 982 1012
982 1013 1012
982 983 1013
983 1014 1013
983 984 1014
984 1015 1014
984 985 1015
985 1016 1015
985 986 1016
986 1017 1016
986 987 1017
987 1018 1017
987 988 1018
988 1019 1018
988 989 1019
989 1020 1019
989 990 1020
990 992 1020
990 962 992
992 1021 1022
992 991 1021
991 1023 1021
991 993 1023
993 1024 1023
993 994 1024
994 1025 1024
994 995 1025
995 1026 1025
995 996 1026
996 1027 1026
996 997 1027
997 1028 1027
997 998 1028
998 1029 1028
998 999 1029
999 1030 1029
999 1000 1030
1000 1031 1030
1000 1001 1031
1001 1032 1031
1001 1002 1032
1002 1033 1032
1002 1003 1033
1003 1034 1033
1003 1004 1034
1004 1035 1034
1004 1005 1035
1005 1036 1035
1005 1006 1036
1006 1037 1036
1006 1007 1037
1007 1038 1037
1007 1008 1038
1008 1039 1038
1008 1009 1039
1009 1040 1039
1009 1010 1040
1010 1041 1040
1010 1011 1041
1011 1042 1041
1011 1012 1042
1012 1043 1042
1012 1013 1043
1013 1044 1043
1013 1014 1044
1014 1045 1044
1014 1015 1045
1015 1046 1045
1015 1016 1046
1016 1047 1046
1016 1017 1047
1017 1048 1047
1017 1018 1048
1018 1049 1048
1018 1019 1049
1019 1050 1049
1019 1020 1050
1020 1022 1050
1020 992 1022
1022 1051 1052
1022 1021 1051
1021 1053 1051
1021 1023 1053
1023 1054 1053
1023 1024 1054
1024 1055 1054
1024 1025 1055
1025 1056 1055
1025 1026 1056
1026 1057 1056
1026 1027 1057
1027 1058 1057
1027 1028 1058
1028 1059 1058
1028 1029 1059
1029 1060 1059
1029 1030 1060
1030 1061 1060
1030 1031 1061
1031 1062 1061
1031 1032 1062
1032 1063 1062
1032 1033 1063
1033 1064 1063
1033 1034 1064
1034 1065 1064
1034 1035 1065
1035 1066 1065
1035 1036 1066
1036 1067 1066
1036 1037 1067
1037 1068 1067
1037 1038 1068
1038 1069 1068
1038 1039 1069
1039 1070 1069
1039 1040 1070
1040 1071 1070
1040 1041 1071
1041 1072 1071
1041 1042 1072
1042 1073 1072
1042 1043 1073
1043 1074 1073
1043 1044 1074
1044 1075 1074
1044 1045 1075
1045 1076 1075
1045 1046 1076
1046 1077 1076
1046 1047 1077
1047 1078 1077
1047 1048 1078
1048 1079 1078
1048 1049 1079
1049 1080 1079
1049 1050 1080
1050 1052 1080
1050 1022 1052
1052 1081 1082
1052 1051 1081
1051 1083 1081
1051 1053 1083
1053 1084 1083
1053 1054 1084
1054 1085 1084
1054 1055 1085
1055 1086 1085
1055 1056 1086
1056 1087 1086
1056 1057 1087
1057 1088 1087
1057 1058 1088
1058 1089 1088
1058 1059 1089
1059 1090 1089
1059 1060 1090
1060 1091 1090
1060 1061 1091
1061 1092 1091
1061 1062 1092
1062 1093 1092
1062 1063 1093
1063 1094 1093
1063 1064 1094
1064 1095 1094
1064 1065 1095
1065 1096 1095
1065 1066 1096
1066 1097 1096
1066 1067 1097
1067 1098 1097
1067 1068 1098
1068 1099 1098
1068 1069 1099
1069 1100 1099
1069 1070 1100
1070 1101 1100
1070 1071 1101
1071 1102 1101
1071 1072 1102
1072 1103 1102
1072 1073 1103
1073 1104 1103
1073 1074 1104
1074 1105 1104
1074 1075 1105
1075 1106 1105
1075 1076 1106
1076 1107 1106
1076 1077 1107
1077 1108 1107
1077 1078 1108
1078 1109 1108
1078 1079 1109
1079 1110 1109
1079 1080 1110
1080 1082 1110
1080 1052 1082
1082 1111 1112
1082 1081 1111
1081 1113 1111
1081 1083 1113
1083 1114 1113
1083 1084 1114
1084 1115 1114
1084 1085 1115
1085 1116 1115
1085 1086 1116
1086 1117 1116
1086 1087 1117
1087 1118 1117
1087 1088 1118
1088 1119 1118
1088 1089 1119
1089 1120 1119
1089 1090 1120
1090 1121 1120
1090 1091 1121
1091 1122 1121
1091 1092 1122
1092 1123 1122
1092 1093 1123
1093 1124 1123
1093 1094 1124
1094 1125 1124
1094 1095 1125
1095 1126 1125
1095 1096 1126
1096 1127 1126
1096 1097 1127
1097 1128 1127
1097 1098 1128
1098 1129 1128
1098 1099 1129
1099 1130 1129
1099 1100 1130
1100 1131 1130
1100 1101 1131
1101 1132 1131
1101 1102 1132
1102 1133 1132
1102 1103 1133
1103 1134 1133
1103 1104 1134
1104 1135 1134
1104 1105 1135
1105 1136 1135
1105 1106 1136
1106 1137 1136
1106 1107 1137
1107 1138 1137
1107 1108 1138
1108 1139 1138
1108 1109 1139
1109 1140 1139
1109 1110 1140
1110 1112 1140
1110 1082 1112
1112 1141 1142
1112 1111 1141
1111 1143 1141
1111 1113 1143
1113 1144 1143
1113 1114 1144
1114 1145 1144
1114 1115 1145
1115 1146 1145
1115 1116 1146
1116 1147 1146
1116 1117 1147
1117 1148 1147
1117 1118 1148
1118 1149 1148
1118 1119 1149
1119 1150 1149
1119 1120 1150
1120 1151 1150
1120 1121 1151
1121 1152 1151
1121 1122 1152
1122 1153 1152
1122 1123 1153
1123 1154 1153
1123 1124 1154
1124 1155 1154
1124 1125 1155
1125 1156 1155
1125 1126 1156
1126 1157 1156
1126 1127 1157
1127 1158 1157
1127 1128 1158
1128 1159 1158
1128 1129 1159
1129 1160 1159
1129 1130 1160
1130 1161 1160
1130 1131 1161
1131 1162 1161
1131 1132 1162
1132 1163 1162
1132 1133 1163
1133 1164 1163
1133 1134 1164
1134 1165 1164
1134 1135 1165
1135 1166 1165
1135 1136 1166
1136 1167 1166
1136 1137 1167
1137 1168 1167
1137 1138 1168
1138 1169 1168
1138 1139 1169
1139 1170 1169
1139 1140 1170
1140 1142 1170
1140 1112 1142
1142 1171 1172
1142 1141 1171
1141 1173 1171
1141 1143 1173
1143 1174 1173
1143 1144 1174
1144 1175 1174
1144 1145 1175
1145 1176 1175
1145 1146 1176
1146 1177 1176
1146 1147 1177
1147 1178 1177
1147 1148 1178
1148 1179 1178
1148 1149 1179
1149 1180 1179
1149 1150 1180
1150 1181 1180
1150 1151 1181
1151 1182 1181
1151 1152 1182
1152 1183 1182
1152 1153 1183
1153 1184 1183
1153 1154 1184
1154 1185 1184
1154 1155 1185
1155 1186 1185
1155 1156 1186
1156 1187 1186
1156 1157 1187
1157 1188 1187
1157 1158 1188
1158 1189 1188
1158 1159 1189
1159 1190 1189
1159 1160 1190
1160 1191 1190
1160 1161 1191
1161 1192 1191
1161 1162 1192
1162 1193 1192
1162 1163 1193
1163 1194 1193
1163 1164 1194
1164 1195 1194
1164 1165 1195
1165 1196 1195
1165 1166 1196
1166 1197 1196
1166 1167 1197
1167 1198 1197
1167 1168 1198
1168 1199 1198
1168 1169 1199
1169 1200 1199
1169 1170 1200
1170 1172 1200
1170 1142 1172
1172 1201 1202
1172 1171 1201
1171 1203 1201
1171 1173 1203
1173 1204 1203
1173 1174 1204
1174 1205 1204
1174 1175 1205
1175 1206 1205
1175 1176 1206
1176 1207 1206
1176 1177 1207
1177 1208 1207
1177 1178 1208
1178 1209 1208
1178 1179 1209
1179 1210 1209
1179 1180 1210
1180 1211 1210
1180 1181 1211
1181 1212 1211
1181 1182 1212
1182 1213 1212
1182 1183 1213
1183 1214 1213
1183 1184 1214
1184 1215 1214
1184 1185 1215
1185 1216 1215
1185 1186 1216
1186 1217 1216
1186 1187 1217
1187 1218 1217
1187 1188 1218
1188 1219 1218
1188 1189 1219
1189 1220 1219
1189 1190 1220
1190 1221 1220
1190 1191 1221
1191 1222 1221
1191 1192 1222
1192 1223 1222
1192 1193 1223
1193 1224 1223
1193 1194 1224
1194 1225 1224
1194 1195 1225
1195 1226 1225
1195 1196 1226
1196 1227 1226
1196 1197 1227
1197 1228 1227
1197 1198 1228
1198 1229 1228
1198 1199 1229
1199 1230 1229
1199 1200 1230
1200 1202 1230
1200 1172 1202
1202 1231 1232
1202 1201 1231
1201 1233 1231
1201 1203 1233
1203 1234 1233
1203 1204 1234
1204 1235 1234
1204 1205 1235
1205 1236 1235
1205 1206 1236
1206 1237 1236
1206 1207 1237
1207 1238 1237
1207 1208 1238
1208 1239 1238
1208 1209 1239
1209 1240 1239
1209 1210 1240
1210 1241 1240
1210 1211 1241
1211 1242 1241
1211 1212 1242
1212 1243 1242
1212 1213 1243
1213 1244 1243
1213 1214 1244
1214 1245 1244
1214 1215 1245
1215 1246 1245
1215 1216 1246
1216 1247 1246
1216 1217 1247
1217 1248 1247
1217 1218 1248
1218 1249 1248
1218 1219 1249
1219 1250 1249
1219 1220 1250
1220 1251 1250
1220 1221 1251
1221 1252 1251
1221 1222 1252
1222 1253 1252
1222 1223 1253
1223 1254 1253
1223 1224 1254
1224 1255 1254
1224 1225 1255
1225 1256 1255
1225 1226 1256
1226 1257 1256
1226 1227 1257
1227 1258 1257
1227 1228 1258
1228 1259 1258
1228 1229 1259
1229 1260 1259
1229 1230 1260
1230 1232 1260
1230 1202 1232
1232 1261 1262
1232 1231 1261
1231 1263 1261
1231 1233 1263
1233 1264 1263
1233 1234 1264
1234 1265 1264
1234 1235 1265
1235 1266 1265
1235 1236 1266
1236 1267 1266
1236 1237 1267
1237 1268 1267
1237 1238 1268
1238 1269 1268
1238 1239 1269
1239 1270 1269
1239 1240 1270
1240 1271 1270
1240 1241 1271
1241 1272 1271
1241 1242 1272
1242 1273 1272
1242 1243 1273
1243 1274 1273
1243 1244 1274
1244 1275 1274
1244 1245 1275
1245 1276 1275
1245 1246 1276
1246 1277 1276
1246 1247 1277
1247 1278 1277
1247 1248 1278
1248 1279 1278
1248 1249 1279
1249 1280 1279
1249 1250 1280
1250 1281 1280
1250 1251 1281
1251 1282 1281
1251 1252 1282
1252 1283 1282
1252 1253 1283
1253 1284 1283
1253 1254 1284
1254 1285 1284
1254 1255 1285
1255 1286 1285
1255 1256 1286
1256 1287 1286
1256 1257 1287
1257 1288 1287
1257 1258 1288
1258 1289 1288
1258 1259 1289
1259 1290 1289
1259 1260 1290
1260 1262 1290
1260 1232 1262
1262 1291 1292
1262 1261 1291
1261 1293 1291
1261 1263 1293
1263 1294 1293
1263 1264 1294
1264 1295 1294
1264 1265 1295
1265 1296 1295
1265 1266 1296
1266 1297 1296
1266 1267 1297
1267 1298 1297
1267 1268 1298
1268 1299 1298
1268 1269 1299
1269 1300 1299
1269 1270 1300
1270 1301 1300
1270 1271 1301
1271 1302 1301
1271 1272 1302
1272 1303 1302
1272 1273 1303
1273 1304 1303
1273 1274 1304
1274 1305 1304
1274 1275 1305
1275 1306 1305
1275 1276 1306
1276 1307 1306
1276 1277 1307
1277 1308 1307
1277 1278 1308
1278 1309 1308
1278 1279 1309
1279 1310 1309
1279 1280 1310
1280 1311 1310
1280 1281 1311
1281 1312 1311
1281 1282 1312
1282 1313 1312
1282 1283 1313
1283 1314 1313
1283 1284 1314
1284 1315 1314
1284 1285 1315
1285 1316 1315
1285 1286 1316
1286 1317 1316
1286 1287 1317
1287 1318 1317
1287 1288 1318
1288 1319 1318
1288 1289 1319
1289 1320 1319
1289 1290 1320
1290 1292 1320
1290 1262 1292
1292 1321 1322
1292 1291 1321
1291 1323 1321
1291 1293 1323
1293 1324 1323
1293 1294 1324
1294 1325 1324
1294 1295 1325
1295 1326 1325
1295 1296 1326
1296 1327 1326
1296 1297 1327
1297 1328 1327
1297 1298 1328
1298 1329 1328
1298 1299 1329
1299 1330 1329
1299 1300 1330
1300 1331 1330
1300 1301 1331
1301 1332 1331
1301 1302 1332
1302 1333 1332
1302 1303 1333
1303 1334 1333
1303 1304 1334
1304 1335 1334
1304 1305 1335
1305 1336 1335
1305 1306 1336
1306 1337 1336
1306 1307 1337
1307 1338 1337
1307 1308 1338
1308 1339 1338
1308 1309 1339
1309 1340 1339
1309 1310 1340
1310 1341 1340
1310 1311 1341
1311 1342 1341
1311 1312 1342
1312 1343 1342
1312 1313 1343
1313 1344 1343
1313 1314 1344
1314 1345 1344
1314 1315 1345
1315 1346 1345
1315 1316 1346
1316 1347 1346
1316 1317 1347
1317 1348 1347
1317 1318 1348
1318 1349 1348
1318 1319 1349
1319 1350 1349
1319 1320 1350
1320 1322 1350
1320 1292 1322
1351 1322 1321
1351 1321 1323
1351 1323 1324
1351 1324 1325
1351 1325 1326
1351 1326 1327
1351 1327 1328
1351 1328 1329
1351 1329 1330
1351 1330 1331
1351 1331 1332
1351 1332 1333
1351 1333 1334
1351 1334 1335
1351 1335 1336
1351 1336 1337
1351 1337 1338
1351 1338 1339
1351 1339 1340
1351 1340 1341
1351 1341 1342
1351 1342 1343
1351 1343 1344
1351 1344 1345
1351 1345 1346
1351 1346 1347
1351 1347 1348
1351 1348 1349
1351 1349 1350
1351 1350 1322
