1434
-15.756123 17.028253 -18.131826
-9.410734 10.841389 -14.609408
-18.681831 8.506119 -17.979438
-18.000323 2.545779 -15.977520
-25.963893 -8.406048 -16.564047
-23.037283 6.383868 -20.249412
-20.949495 22.195644 -23.005419
-15.105667 0.172155 -13.954046
-18.285049 -1.524788 -14.761204
-18.938326 -7.186556 -12.270625
-21.910269 -7.438576 -13.658249
-10.035048 0.199417 -13.076657
-13.765247 -1.823421 -13.163098
-12.496682 -9.205053 -10.779061
-16.260517 -7.811868 -11.660618
-13.963914 40.529089 -13.503642
-11.211163 25.804651 -14.431673
-17.302821 32.148051 -18.771619
-14.779947 25.477355 -17.001280
-5.717051 28.139672 -10.753229
2.526915 17.126678 -8.615024
-6.735947 23.625762 -12.490449
-2.929628 15.318009 -12.121485
12.958907 8.616373 -0.921101
10.011860 4.574962 -6.240931
8.501762 12.161984 -5.024468
7.917094 8.328807 -7.150712
5.843433 -1.560306 -11.303164
4.565332 8.200456 -10.074652
0.448150 9.071498 -11.981401
-1.557065 4.959849 -12.864408
-4.044344 -4.762588 -11.806555
-4.899944 0.315202 -12.768412
-2.122016 -8.603865 -10.605096
-5.129232 -8.498189 -10.930284
-7.842807 -14.008689 -8.482945
-9.889351 -11.788367 -9.788736
2.402473 -8.706765 -10.406768
-0.115179 -13.747098 -8.390595
-0.894500 -9.929792 -10.296657
-3.730406 -13.605514 -8.907101
-7.632511 35.670509 -6.843885
-9.504927 39.969392 -5.296626
-12.891419 45.165691 -7.772997
-12.499324 47.896481 -0.398148
-7.537266 38.613033 -0.886646
-2.154622 30.226002 -0.462537
-4.476050 29.868610 -7.828825
0.194429 24.532473 -5.363061
-4.532798 32.217429 6.815228
0.102300 25.820835 6.056766
-2.470994 28.425465 8.890469
-7.670860 31.960089 14.368070
-3.412879 26.506143 13.131564
1.181410 20.454733 11.969053
-9.314482 39.438772 7.175911
-6.906478 36.877096 4.182664
-13.662522 45.873418 11.006458
-11.403954 40.788217 11.180153
-15.379105 42.943835 20.182700
-11.777716 36.938095 16.634428
8.856261 16.133597 0.372412
10.854030 12.304217 5.265611
11.405747 12.519994 -0.290021
12.288561 10.952065 3.304076
11.907296 7.537426 10.323905
13.321831 8.575032 4.389962
8.117074 14.993510 7.560498
5.783650 18.720111 5.734136
6.801510 13.756850 11.230994
3.952409 22.419295 -0.373654
3.311396 22.607114 3.645802
6.626233 16.815691 -4.252276
9.113836 13.972425 -3.425137
3.904789 20.957966 -3.594201
-18.372381 20.522935 26.317532
-12.652617 26.642752 20.242624
-16.177129 32.810035 23.374264
-13.460765 31.663651 20.177310
-12.031775 22.191291 20.460896
-14.697752 16.645859 22.606702
-10.962377 12.430222 20.427465
-8.882607 22.984738 18.165864
-4.486791 17.776892 16.750137
-5.539479 22.864227 16.171546
-27.771838 -15.124077 19.884030
-23.975940 -11.947731 17.629217
-25.858126 -7.799039 23.450022
-24.010091 -8.553305 20.686669
-19.601542 -9.059815 16.549395
-21.544156 -4.373448 20.992851
-23.061988 -0.210824 24.654214
-15.755138 0.901861 19.564158
-10.329225 0.348291 18.322369
-13.700156 -2.326374 18.210911
-14.685484 -9.146293 15.644257
-9.561368 -10.599791 14.547135
-17.683148 6.228635 22.496858
-20.929170 8.777109 26.000190
-17.645690 10.843911 23.563831
-18.285980 1.229329 21.083784
4.555700 -0.238739 17.110702
0.923498 2.485157 17.500789
2.560354 -4.615937 16.645851
-0.059059 -6.196458 16.193552
-0.670120 -13.551714 12.975594
3.048996 -7.829747 15.773367
7.281100 -2.363171 16.548569
-4.632860 -3.909947 17.082218
-3.215661 -7.963378 15.949788
-4.814658 -12.421540 13.807278
-6.573293 1.545348 18.357370
-4.749537 7.635326 18.763416
6.537170 5.906731 14.729456
9.711782 2.773025 14.371455
7.076885 2.840424 15.687053
5.103134 10.623935 13.928599
1.249103 11.867832 15.514531
-2.771029 12.676299 17.294979
-25.637503 -18.493261 -0.973358
-22.508383 -17.656773 -1.416913
-26.251075 -18.351223 5.609843
-25.235438 -16.893684 8.984180
-27.661719 -18.546302 8.861492
-27.749999 -20.142717 -1.135219
-21.444836 -14.698448 8.352240
-23.686924 -14.594206 12.059605
-18.367984 -17.624989 -0.649978
-14.243624 -17.914739 -0.380997
-19.181368 -15.907068 5.029590
-17.197537 -14.477735 8.123479
-12.316604 -15.372934 7.496227
-14.918709 -13.421872 10.783781
-24.521189 -13.912706 -8.705787
-26.975143 -15.437801 -9.074679
-25.695429 -16.058253 -6.473750
-23.052516 -11.842182 -10.365894
-21.065001 -12.724588 -8.459908
-18.532712 -12.140815 -8.767787
-17.778399 -14.203025 -6.690926
-14.156301 -14.870441 -6.249762
-16.803484 -16.024994 -4.806728
-4.603012 -18.558728 0.315611
-6.856937 -17.097381 -4.835270
-2.473585 -16.736267 -4.882061
-4.568458 -16.063166 -6.371890
-9.475362 -18.521353 -0.043882
-9.373085 -17.938762 -3.550047
-11.377734 -16.628910 -5.352072
-12.265306 -14.520992 -7.363913
-9.648604 -16.957567 4.761329
-7.258447 -15.943093 7.514297
-2.828019 -16.851997 6.997523
-5.072420 -15.370796 9.780878
-33.259943 -43.451395 18.878450
-35.386577 -45.294971 13.665615
-33.063324 -43.628073 4.081377
-34.506843 -44.798384 4.680818
-38.249936 -46.506071 5.391476
-35.354545 -45.276546 -3.294705
-33.138759 -43.383451 -12.214051
-57.661409 -38.586507 17.389810
-58.049650 -38.121870 0.994431
-55.769248 -40.847602 14.497943
-55.300269 -41.398854 3.834054
-51.512971 -44.333320 8.146731
-54.708438 -41.606932 21.778078
-57.484946 -38.070958 33.499825
-57.336426 -38.588181 -25.529189
-54.537439 -42.013297 -10.310185
-57.724748 -38.684340 -12.455920
-55.821834 -40.921497 -6.517310
-52.796297 -43.390093 -15.183208
-53.036842 -42.665205 -24.523056
-48.314867 -45.930252 -23.222680
-50.424213 -45.196495 -9.213456
-46.389909 -46.669350 -5.622923
-48.367176 -46.163807 -3.028507
-44.407983 -46.817694 8.353733
-47.367039 -46.126604 8.042447
-35.477829 -45.099125 -19.344261
-36.213222 -45.715876 -11.312406
-38.397160 -46.412830 -11.651647
-38.406677 -46.105075 -25.941951
-43.014545 -46.658502 -9.230992
-43.767042 -46.825581 -3.010371
-41.616874 -46.953816 8.065117
-41.558170 -46.591029 -15.325897
-43.067079 -46.447306 -24.391682
-45.835652 17.051777 54.468474
-40.237913 30.203018 54.124398
-43.107052 38.560836 54.490790
-40.103250 41.117973 54.307609
-34.751282 44.137235 53.305573
-37.770023 52.296009 54.146256
-41.063938 56.624465 54.399567
-50.996284 60.392838 52.140331
-55.018082 55.350766 50.211177
-51.868114 48.907480 52.490797
-54.017825 39.506347 51.944485
-52.236500 25.899849 53.382554
-49.730444 47.147326 53.402071
-46.930766 64.462776 53.391891
-46.460581 42.381077 54.130287
-46.302910 34.061012 54.310455
-49.128275 21.181645 54.127960
-46.741281 50.405288 53.948383
-43.808861 61.907268 54.058161
-59.561338 6.864793 49.885249
-56.153488 15.794841 51.944485
-57.655091 29.520869 50.121355
-56.024542 28.553329 51.397605
-28.785925 37.633188 50.018935
-34.564555 17.160031 51.942630
-32.044747 14.425023 50.121069
-34.800634 8.106343 51.396461
-40.801978 -4.410153 53.390632
-37.532036 -6.216573 51.844096
-34.898708 -8.672469 49.728498
-34.436321 26.205835 52.487946
-31.441569 40.763683 51.793938
-37.531557 20.549693 53.397932
-40.450125 18.279494 53.943210
-43.137217 7.034056 54.126105
-29.907525 85.803041 -27.803235
-32.965534 88.856983 -25.879164
-28.843160 85.190945 -21.278052
-29.611745 86.264572 -16.594465
-27.285659 83.589945 -6.933397
-26.990569 82.678165 -17.764413
-27.323675 82.277422 -28.629527
-32.731142 89.113388 -14.960116
-30.506341 87.275887 -11.986508
-32.890000 89.272232 -3.786344
-29.763203 86.634455 -4.366404
-37.540891 91.738586 -23.937626
-41.826854 93.900156 -19.230422
-35.650544 90.909538 -17.707226
-37.023234 91.715183 -12.237482
-40.268860 93.475590 -5.123919
-37.836900 92.254467 -5.421532
-38.883500 92.701683 8.952718
-35.647130 91.048145 2.397962
-46.366386 94.410610 -16.537986
-50.635643 93.910131 -10.511396
-46.160932 94.540157 -8.774904
-47.884831 94.548788 -1.594507
-45.456476 94.616718 7.851832
-43.963323 94.489079 -6.238641
-42.149391 94.120712 -1.655771
-42.399435 94.057722 8.746634
-50.776572 94.100037 6.694666
-49.079556 94.495010 5.746642
-50.147038 94.085350 18.519740
-48.143511 94.570742 14.274944
-29.373584 86.466179 3.179912
-31.041965 87.985106 6.708869
-29.291830 86.098576 18.081999
-27.628455 84.204111 4.656616
-33.424869 89.635229 8.303034
-34.747911 90.192289 14.485569
-34.794784 44.198332 -42.455878
-37.513075 20.659509 -42.482109
-40.144997 30.754442 -43.090167
-40.375795 18.720634 -42.938509
-40.462770 -2.463333 -42.463207
-43.044200 7.585949 -43.091593
-45.674400 18.008492 -43.378763
-31.569841 40.772743 -41.238050
-28.737743 39.025412 -39.626436
-34.436424 26.205368 -41.721826
-34.564581 17.159914 -41.266418
-31.879849 15.545665 -39.745197
-34.800639 8.106343 -40.810304
-34.940987 -8.276877 -39.426308
-37.767127 -6.137442 -41.260209
-54.017868 39.506016 -41.267967
-52.226248 25.960600 -42.469120
-56.024580 28.553061 -40.811257
-56.153526 15.794506 -41.267967
-59.508762 6.847579 -39.571061
-57.655096 29.520802 -39.745436
-55.123615 55.467415 -39.703000
-46.905103 64.457688 -42.473464
-49.730492 47.146988 -42.485232
-50.995827 60.394716 -41.431379
-51.868153 48.907213 -41.724205
-43.777251 61.898956 -43.029208
-41.023779 56.706047 -43.315382
-46.741319 50.405016 -42.941470
-46.442022 42.491140 -43.093719
-43.014040 39.112663 -43.396144
-46.228514 34.502351 -43.245201
-49.035277 21.733317 -43.093138
-37.719917 52.397585 -43.103123
-40.028911 41.559114 -43.242826
-28.895631 -24.092455 -1.474213
-29.028244 -24.236615 4.250608
-28.716240 -22.106149 7.512713
-29.648056 -24.763143 16.276095
-29.590485 -26.713984 6.496763
-29.704149 -28.241169 -2.258589
-28.496606 -19.919519 11.414824
-28.995054 -19.940445 18.248343
-31.722004 -40.973506 -2.435170
-30.773008 -37.814765 7.773202
-32.101622 -42.107487 5.023937
-31.768796 -41.171131 14.059290
-30.170281 -32.909486 2.307344
-29.998434 -30.333843 7.546877
-30.165739 -31.574683 13.101184
-30.660043 -34.882152 -21.037109
-30.667849 -36.853142 -7.038246
-31.746459 -39.729271 -17.105297
-31.303947 -39.267278 -9.246740
-30.101376 -31.522706 -10.748804
-30.278020 -34.146669 -5.134960
-28.617234 -20.321465 -9.666589
-27.972887 -16.657398 -11.995492
-29.540503 -21.683846 -17.116450
-28.369389 -15.941277 -17.306060
-29.060168 -23.267460 -7.076116
-29.611168 -25.216417 -10.217757
-30.180073 -27.722435 -19.751804
-29.953475 -28.220196 -14.004314
-55.807714 6.411964 52.490797
-57.369690 -1.116701 51.555014
-54.255466 -7.125512 53.160858
-53.637190 7.743577 53.401489
-62.164178 -16.675242 44.716339
-58.095441 -12.898431 49.994879
-60.990753 -6.095173 48.179450
-59.134593 -6.995980 49.843163
-55.738373 -18.514408 50.910130
-56.189251 -22.934680 49.695692
-49.740214 -28.455904 52.734141
-52.720976 -18.493418 52.979536
-48.696065 -18.831768 54.005556
-47.965145 -10.269992 54.325490
-50.797768 -17.021188 53.921013
-50.770984 -10.029435 54.122300
-50.391035 4.268956 54.126816
-47.197847 0.578619 54.490929
-49.599190 -1.492879 54.309311
-51.212912 10.421846 53.946056
-53.908596 -31.177428 49.343643
-56.733317 -32.732515 46.022768
-52.721872 -35.177784 48.117609
-54.141717 -37.378640 45.323811
-51.110744 -41.753058 42.281437
-50.593166 -36.433797 48.449068
-46.462970 -36.540618 50.201249
-48.246417 -38.436828 48.353562
-46.933079 -42.124133 45.765510
-42.915244 -41.691318 47.483149
-59.105601 -25.913942 46.484776
-56.444969 -26.659269 48.725090
-35.833952 -32.873628 48.630810
-39.198539 -38.195019 48.485451
-35.720451 -37.956882 46.544552
-37.966087 -39.494948 47.025585
-38.777010 -42.056913 45.489340
-35.344644 -40.914841 43.762784
-39.869926 -36.465721 49.827890
-38.340840 -32.019598 50.564942
-40.767570 -29.909468 51.895471
-42.105174 -36.827307 50.292625
-44.564276 -35.075850 51.211696
-44.673061 -29.996190 52.567997
-45.067081 -9.028577 54.122300
-45.036068 -0.692192 54.309311
-45.165763 -18.781942 53.542199
-46.234646 -16.220500 53.921013
-43.770013 -22.871261 53.160782
-41.092129 -19.603187 52.808199
-38.061397 -21.094918 51.369057
-35.596726 -22.746661 49.390187
-37.218521 -25.405397 50.683789
-38.994787 -16.387600 52.093821
-65.609064 -2.936215 -15.294274
-65.909681 7.448912 -7.752354
-65.506282 7.437717 -20.748708
-65.774970 11.111882 -14.719980
-65.965071 18.191609 -0.249491
-65.692773 17.665658 -13.123447
-64.914360 19.841170 -24.214273
-64.052181 -17.281531 -25.930061
-64.427314 -17.232895 -10.458747
-65.005884 -10.534761 -20.863669
-64.956875 -12.837002 -11.717279
-64.362106 -17.521380 10.138268
-65.182943 -10.501934 -3.133343
-59.899855 -34.188583 -23.212709
-59.287753 -35.854785 -16.387146
-59.999743 -34.300568 -9.791613
-61.875348 -29.283006 -18.659253
-63.706560 -21.424465 -13.089980
-63.185081 -23.424501 -22.507653
-63.342724 -23.419168 -5.550923
-63.104053 -24.351420 14.440963
-62.941737 -25.447490 2.891009
-61.955423 -29.327462 0.200290
-61.653228 -29.922631 18.123794
-60.703459 -32.721310 -0.525390
-59.996185 -34.260252 9.768854
-59.244757 -35.759048 18.934762
-59.862814 -34.100995 27.085488
-65.781555 7.551874 12.694596
-65.683899 17.303891 16.256506
-65.656691 11.025735 19.845521
-65.204110 -2.118984 27.539771
-65.252380 9.087791 28.999183
-64.842930 20.768111 30.709481
-65.823584 3.835217 3.202189
-65.595083 -2.869245 5.311700
-65.301371 -8.128408 7.070524
-64.924054 -10.305642 18.683139
-39.516737 -31.427193 -40.625668
-43.583994 -29.925272 -42.062759
-38.159056 -25.086799 -40.520077
-39.236882 -20.698745 -41.167960
-35.861030 -22.743416 -39.255228
-35.939550 -32.804220 -38.553765
-42.129173 -17.804664 -42.451215
-39.935141 -16.071075 -41.696992
-45.965214 -21.261454 -42.915344
-44.156771 -16.943269 -42.914252
-47.896547 -12.152032 -43.245583
-44.529004 -9.098867 -43.085961
-44.961634 -0.250583 -43.244247
-47.104802 1.130629 -43.396263
-42.801185 -40.536699 -38.530111
-39.359851 -37.220922 -38.943706
-38.472590 -41.272650 -36.166728
-37.666624 -39.029884 -37.053332
-35.345407 -38.151736 -36.110866
-34.312096 -42.006698 -32.195935
-43.406439 -36.367426 -40.452790
-40.811367 -35.370498 -40.319729
-54.228263 -36.305187 -36.619222
-56.789150 -32.629805 -36.504841
-53.669415 -33.726377 -38.652236
-55.090671 -30.286682 -39.143507
-52.888808 -26.472723 -41.359992
-51.787243 -33.613155 -39.500997
-50.856843 -39.730227 -36.630025
-56.740074 -22.800117 -39.972837
-56.887102 -26.585948 -39.024456
-58.530531 -26.512532 -37.574885
-60.456624 -18.274541 -37.764838
-47.479239 -35.668130 -39.932945
-46.758852 -40.275764 -38.121727
-46.004124 -37.610984 -39.637699
-49.238062 -33.088608 -40.477295
-48.484006 -28.964641 -41.872587
-53.618627 7.853643 -42.485085
-55.807743 6.411695 -41.724205
-54.306283 -7.048072 -42.349477
-57.202005 -1.268292 -41.123571
-51.138511 10.863185 -42.940888
-50.297995 4.820899 -43.092184
-49.524755 -1.051271 -43.244247
-51.030130 -9.738452 -43.024101
-48.185873 -23.848863 -42.640553
-50.294895 -20.016530 -42.667894
-53.942070 -17.742031 -41.998463
-51.908789 -16.298860 -42.666807
-56.178660 -18.398174 -40.875773
-57.534776 -13.475468 -40.481133
-60.225372 -6.732187 -38.888168
-58.463855 -7.602076 -40.236530
-19.076501 63.136272 -17.318801
-15.940335 55.924382 -9.154160
-16.837240 52.709398 -15.272224
-15.317905 51.326742 -10.698318
-17.266843 60.693069 -7.280626
-19.518034 66.555734 -10.871378
-21.094515 71.057982 -3.818194
-16.914769 60.225172 -1.410008
-24.947739 78.758755 -27.762449
-23.710856 76.637392 -20.577118
-24.175644 77.250266 -16.937027
-22.095475 73.520746 -16.897602
-23.067803 75.269709 -26.650367
-24.935765 78.980803 -13.245945
-24.438024 78.282447 -4.800581
-20.970478 70.514789 -16.002800
-21.153302 70.393496 -21.723783
-24.619031 78.278441 7.788144
-25.441046 80.187941 3.060594
-23.463287 75.921535 13.097409
-24.719238 78.363667 20.770252
-20.895486 69.676461 24.282236
-20.676970 69.956336 10.168860
-16.650603 58.483224 10.857065
-17.802576 62.741985 6.484561
-17.709923 55.259032 21.550052
-16.016052 53.366447 14.285831
-49.634752 83.667450 -38.979769
-45.913181 81.061802 -41.272497
-51.711750 76.300545 -39.208970
-50.469017 71.603556 -40.610952
-54.398413 72.484193 -37.999024
-53.952065 86.600790 -34.363983
-46.295767 73.784862 -42.100973
-49.397507 69.067879 -41.467757
-41.223412 80.780067 -42.093377
-35.955687 77.747507 -42.321801
-42.885008 76.313829 -42.430215
-41.773930 72.687268 -42.710285
-38.336940 68.005114 -43.078122
-41.030540 69.093642 -42.990017
-41.690044 88.244228 -38.892174
-47.356567 88.622360 -37.521455
-43.354464 90.926218 -36.231651
-46.965270 90.435181 -36.033330
-49.248710 91.142769 -32.954364
-44.570746 93.052759 -31.949306
-43.586678 85.955286 -40.337806
-46.983967 86.913548 -38.980551
-40.779305 84.022837 -41.288848
-38.586531 84.329443 -40.797758
-33.654578 85.812931 -36.980348
-30.038061 81.497345 -37.387369
-34.360671 82.700481 -39.920099
-31.736171 80.781441 -39.271097
-26.675916 77.163963 -36.763473
-30.762465 78.130660 -39.813631
-30.813885 72.233043 -40.977917
-29.353447 75.407271 -39.889362
-26.588507 73.581686 -38.388469
-27.139781 67.267408 -39.454913
-37.746463 87.485409 -38.372450
-36.703775 84.826345 -39.905353
-34.685321 62.432227 -42.517204
-36.651304 61.803741 -42.988601
-32.047520 64.453268 -41.663561
-30.480347 57.580671 -41.142654
-27.242720 55.571165 -39.454079
-29.485760 51.693373 -40.701103
-59.322505 76.290026 -4.992349
-61.102057 65.653830 -0.434809
-58.971987 78.472366 4.591274
-59.747467 74.302950 10.540955
-58.422818 80.629787 22.974694
-57.776260 83.880606 7.998495
-57.306910 85.080519 -9.427769
-52.770963 92.737274 7.622789
-52.147102 93.255100 12.243152
-54.310584 90.822010 26.402111
-51.977940 93.020859 22.395582
-53.435268 92.253723 2.108238
-53.137569 92.266731 -9.666552
-54.597654 90.716867 -9.009667
-54.594426 91.057873 5.584868
-55.814028 88.876600 -9.669729
-55.576439 89.541626 2.105696
-56.043773 88.471727 8.018415
-56.673675 87.041321 13.835824
-56.537094 86.850557 24.371338
-59.498115 75.090652 -12.959157
-58.417821 79.381847 -19.256246
-59.641480 71.879416 -25.245714
-60.453367 69.729328 -13.151875
-25.436969 67.088990 48.253078
-29.871111 57.541285 51.225524
-26.651962 54.147234 49.385715
-28.973079 51.655269 50.806808
-31.661320 64.448118 51.978130
-30.193057 72.178478 50.851169
-36.155329 77.807741 53.137102
-34.715157 62.464371 53.349185
-38.495016 68.046427 54.135571
-36.777687 61.837168 54.023662
-29.230249 80.697203 46.787615
-32.721820 84.291229 47.636108
-31.208091 80.156660 49.117007
-34.222193 82.228355 50.432267
-30.076084 77.807102 49.214273
-25.251267 76.375756 44.105062
-38.564255 84.842815 50.804520
-36.604087 84.864941 50.114021
-36.444294 87.034111 48.141289
-41.007876 89.801273 47.607460
-25.211110 73.213339 46.536832
-28.414645 75.210986 49.069881
-50.989656 83.495007 48.999357
-46.169791 88.052330 48.669539
-49.788666 88.877134 46.716304
-47.079077 89.451923 47.160587
-45.591431 91.218243 45.566311
-49.331541 91.426010 43.198333
-48.241787 82.782183 50.801668
-45.770144 86.583481 50.046186
-45.699100 80.988369 52.123089
-43.192415 86.345921 50.500040
-40.783358 84.520712 51.442804
-41.352787 80.929708 52.820730
-41.932497 72.726517 53.695297
-41.157022 69.126601 54.025373
-43.013372 76.338997 53.355746
-46.329737 73.783369 52.947545
-50.198517 71.395078 51.505198
-53.048477 71.403360 49.760971
-50.622244 75.497794 50.865936
-49.399381 69.060097 52.184424
-25.668964 10.246060 -27.302489
-25.973446 3.323973 -23.857610
-28.116219 -5.211540 -25.023329
-29.555571 -1.208106 -31.466942
-26.607475 38.029943 -37.458947
-24.850731 35.734582 -34.674811
-29.268939 23.181169 -38.375778
-29.765320 15.030651 -37.371624
-27.525754 15.573511 -33.449206
-30.054703 8.301994 -35.880735
-32.102489 -4.432945 -35.864320
-23.117337 29.329951 -29.355898
-25.264850 19.077156 -30.171242
-20.169744 49.677958 -27.701831
-20.407956 37.239571 -25.782466
-22.106683 44.875464 -31.637287
-21.836421 37.277718 -29.150856
-17.901125 46.065321 -21.150701
-18.643131 38.495770 -21.859066
-59.206810 66.975346 -31.270192
-59.298348 57.231483 -34.285302
-60.466304 60.780764 -29.649367
-61.131787 52.958250 -30.025415
-62.571759 48.440990 -24.701271
-61.116657 60.671005 -26.173246
-62.267027 38.194547 -30.139737
-62.336388 42.384834 -28.780150
-63.668103 35.576017 -24.962487
-60.899663 38.880610 -34.824324
-62.442856 32.204652 -31.777854
-62.279024 21.487639 -35.118451
-63.744888 20.132956 -30.749350
-57.407389 57.668228 -37.278528
-59.111934 45.190926 -36.854200
-59.213123 37.012732 -37.614989
-59.408884 26.988850 -38.375778
-61.189814 14.365104 -37.475178
-32.179949 -39.234834 -26.502025
-33.556273 -42.823834 -23.604014
-32.430084 -40.564041 -22.983170
-32.342196 -39.331484 -30.540977
-31.821871 -38.486364 -28.044357
-31.498797 -36.169407 -29.837668
-31.084292 -35.833488 -26.926980
-33.274422 -38.607373 -33.802297
-34.052711 -37.347426 -35.526457
-33.872843 -34.409819 -36.279602
-32.757707 -35.154419 -34.262016
-32.510686 -38.663058 -32.208810
-31.945314 -36.054354 -32.132545
-31.098514 -12.745538 -32.150564
-32.548132 -12.291396 -35.266967
-31.754587 -23.145463 -32.557037
-33.511658 -16.921697 -36.538420
-31.776960 -32.171543 -32.453170
-32.357264 -30.492978 -34.107747
-31.425037 -31.217091 -30.846429
-33.318982 -30.855913 -35.770817
-33.765168 -27.466416 -36.466403
-34.280581 -22.254667 -37.498040
-31.001453 -29.214892 -27.156484
-31.088142 -31.994848 -28.288722
-30.377545 -22.019665 -24.737971
-30.651021 -26.450338 -24.623554
-29.309425 -15.282090 -24.998703
-29.582176 -11.825485 -27.431755
-29.335485 -17.559879 -22.680016
-44.311075 -43.103948 -36.149001
-46.491613 -42.287307 -36.493528
-44.657140 -45.005164 -33.041780
-47.740088 -43.108182 -34.685590
-50.257287 -43.205194 -31.281357
-46.508813 -45.610800 -30.010076
-48.331504 -44.143524 -32.064559
-52.638292 -41.903863 -29.992094
-54.242673 -39.698727 -31.910505
-57.127581 -35.939660 -32.483363
-55.274787 -37.608137 -33.683043
-37.275565 -43.502579 -33.632519
-38.847704 -42.594357 -35.559032
-39.540453 -44.151330 -34.005806
-40.958076 -42.845593 -36.289790
-38.709726 -45.218792 -31.328821
-35.990791 -44.494176 -29.111049
-37.049026 -44.492917 -31.590259
-41.815863 -44.773755 -33.785300
-41.867323 -45.984135 -30.267203
-40.681262 -45.509853 -31.712482
-42.479944 -43.611298 -35.681257
-43.911324 -46.213837 -28.841434
-34.934139 -44.321747 -24.705720
-64.737515 7.806718 -28.756058
-64.007878 -1.844610 -32.799993
-65.140648 3.992787 -25.482435
-65.030661 -2.627104 -25.902376
-64.185629 -10.287244 -30.075054
-64.844770 -7.992470 -26.348071
-62.415705 6.950933 -36.294956
-62.077656 0.969965 -36.772490
-63.495026 8.530792 -34.125266
-62.510824 -10.027473 -35.526428
-61.687517 -5.498628 -37.242756
-62.649260 -17.763435 -32.804441
-63.188219 -13.019986 -33.032043
-64.212279 11.414833 -31.218605
-60.941558 -28.253527 -31.972990
-59.052663 -30.686088 -34.537969
-59.517140 -33.374968 -29.818573
-58.613257 -33.670821 -32.260642
-62.156577 -21.641634 -32.744472
-60.960588 -24.024272 -34.932370
-62.583499 -23.211169 -30.058763
-59.613132 -26.999240 -36.016812
-62.562819 -25.201583 -27.433200
-61.559114 -28.923931 -27.445383
-60.382290 -32.358081 -27.313964
-52.230368 91.365843 -23.428867
-50.242348 92.115231 -26.896236
-48.195448 93.730459 -23.581595
-54.513912 89.699793 -20.998642
-53.370857 91.167259 -19.158571
-56.094799 86.268215 -22.952704
-55.512028 88.455162 -19.161112
-56.819105 72.409010 -35.261302
-57.215157 79.461994 -30.235007
-57.682343 73.744116 -32.822807
-56.221514 68.334460 -37.029939
-57.135401 82.573147 -24.981418
-38.688064 91.371212 -30.194743
-39.982948 92.552404 -27.767830
-43.441629 93.873625 -26.593025
-39.925213 89.820023 -36.653125
-38.899164 89.932737 -35.020750
-33.401902 87.696495 -32.403963
-37.004395 89.735708 -32.682590
-31.008804 86.007910 -31.913528
-30.162778 84.261751 -33.900857
-46.180849 94.316778 -22.601273
-19.442970 57.359800 -23.221855
-20.680270 66.124654 -25.787292
-20.376759 61.362629 -26.603031
-21.097074 58.386126 -30.532203
-22.278667 66.509457 -33.189631
-18.043060 52.594771 -19.935411
-24.472215 67.543678 -36.864781
-25.315835 59.799347 -37.643831
-24.974508 54.673920 -36.807833
-23.240533 52.337046 -34.434342
-24.734797 49.386172 -36.230030
-22.092133 52.707558 -32.714603
-27.042818 80.266466 -33.806379
-28.962021 82.047329 -35.249810
-25.571468 78.886957 -31.945503
-24.635184 76.665401 -32.479937
-24.091392 72.933211 -35.102301
-22.474236 72.286720 -30.053282
-23.686872 74.095187 -32.858589
-24.694700 71.881385 -36.781158
-21.355238 69.916320 -26.088111
-19.415569 35.022404 31.713779
-17.847235 37.611179 27.768438
-17.998500 46.347189 28.284791
-20.277054 49.587612 36.395772
-25.261254 46.664453 47.423301
-25.594387 39.400260 46.659293
-27.481968 31.050894 47.570286
-26.172116 25.221202 44.016566
-24.315021 39.854655 44.702530
-22.915986 51.682100 44.497986
-22.741597 37.677574 40.262127
-21.537704 31.919773 35.980995
-22.739587 22.785127 35.953777
-22.951722 42.721648 42.476206
-21.648500 50.628986 41.288042
-24.948721 14.329648 37.645125
-28.088906 10.514505 42.797785
-29.497843 -1.550368 40.439410
-24.392602 9.427133 34.134755
-30.585458 9.580050 47.396045
-29.928532 18.698601 48.481283
-30.696886 4.429863 45.962324
-32.216635 -4.712057 46.007700
-24.111307 5.590595 30.795829
-26.439562 -0.866076 31.699150
-28.994398 -9.180646 31.610284
-27.449164 -6.136249 28.964953
-59.226947 36.927557 47.568111
-59.408889 26.988847 48.481283
-62.591076 19.394783 44.010234
-61.116791 14.244498 47.570286
-59.167228 44.850230 46.650600
-57.203655 57.043614 47.503099
-59.006429 58.266912 44.169350
-60.972066 38.391705 44.195986
-62.343922 37.594061 38.659048
-63.662696 35.790374 33.129759
-62.370253 42.354236 37.534266
-61.004210 53.811054 39.456279
-62.346787 51.433578 33.559139
-62.511287 31.611812 40.484810
-63.868313 19.676347 38.093781
-59.942942 66.872549 36.544962
-59.859953 63.557920 39.493942
-58.471127 69.859781 41.085773
-57.773151 79.016199 37.034993
-59.501963 71.938071 33.015308
-58.052053 80.631351 31.602292
-60.266633 67.750764 29.573209
-60.406113 -32.390685 32.591190
-59.536872 -33.426833 37.765384
-61.217155 -28.343444 37.953360
-61.662455 -29.016314 29.546032
-62.941952 -23.103259 26.858041
-63.702412 -16.982803 29.121680
-62.978015 -21.074798 32.279487
-61.903043 -23.394084 40.855837
-62.723112 -25.218999 23.957605
-60.348849 -26.478577 44.542899
-59.288425 -30.622876 43.475680
-57.117581 -36.018734 41.717367
-58.625655 -33.682353 41.374521
-61.880159 0.518463 47.181964
-62.123566 6.468512 46.659293
-63.142009 6.108602 43.981209
-63.174391 -2.080413 43.851147
-64.259291 7.418941 37.193389
-64.598136 10.937669 35.247130
-64.186659 -2.997491 38.346512
-63.968763 3.655749 39.590931
-63.070183 -8.695730 44.317074
-64.131188 -10.296400 35.731890
-63.911300 -8.187717 39.859626
-62.066107 -5.374953 46.927986
-64.315548 -12.549828 28.326354
-38.880608 -46.089559 35.679624
-38.199904 -46.574178 21.395967
-35.384035 -44.778562 28.111973
-36.341357 -45.789576 21.970253
-42.001863 -46.814399 21.005728
-40.256605 -46.941619 18.292551
-36.721342 -43.587923 41.220932
-38.866978 -43.877373 43.207788
-41.245193 -44.513292 42.998672
-54.618034 -40.425177 37.849250
-55.385685 -38.263316 42.328973
-44.452963 -44.209127 43.151960
-45.427589 -44.598389 38.642032
-45.523043 -45.651755 23.309236
-44.856739 -46.279850 18.274415
-47.233376 -44.746966 29.695868
-51.074548 -43.567820 27.498236
-53.690643 -42.060204 29.108829
-31.070726 -12.163322 41.160688
-31.563475 -22.292628 40.836959
-30.004463 -13.194089 34.870746
-29.846718 -17.845571 30.658233
-30.378408 -23.609562 28.873796
-29.743259 -20.508072 25.896337
-30.421424 -30.699742 26.413093
-30.690317 -27.896061 31.768882
-31.207151 -29.906874 38.111141
-31.446197 -37.287912 35.793514
-32.414770 -11.367029 45.018821
-33.362324 -16.377198 46.137457
-33.619812 -27.077041 45.932841
-34.164453 -21.942818 47.220936
-33.202085 -30.545814 45.150890
-33.917809 -34.257712 46.102052
-32.813292 -34.970763 43.723559
-32.210758 -30.110271 43.110757
-31.657960 -31.887336 41.192203
-31.987648 -35.934615 41.153693
-33.648543 -38.225029 43.936434
-34.352317 -37.037621 45.811439
-33.372879 -39.932690 40.776505
-34.528897 -42.301908 36.788194
-34.752321 -42.032099 39.788158
-32.808187 -38.379142 41.852751
-30.888977 -37.458160 22.170963
-30.413854 -33.404739 20.583634
-32.337711 -41.064930 28.056855
-34.046421 -42.744684 31.988578
-31.491115 -40.057774 22.172475
-27.455678 82.572374 38.462391
-24.456031 77.726440 32.030482
-27.854145 84.006224 29.697607
-25.647743 80.170021 27.487190
-24.181013 76.828475 36.371927
-26.032133 79.499583 41.422429
-22.904608 73.947096 35.281749
-22.697101 71.754341 40.451288
-21.396022 66.355500 38.460560
-22.071676 71.621413 35.604446
-21.085470 68.239732 32.700729
-28.222551 81.444769 44.499655
-29.829457 83.660383 44.111409
-23.319769 71.292033 43.685040
-22.832003 67.930326 43.391752
-21.736746 59.895792 41.566124
-20.679052 59.568863 37.184873
-21.122892 56.830015 40.084667
-22.596612 63.131332 43.679819
-23.635101 59.814253 46.237478
-25.003242 54.257431 47.893338
-20.075827 59.828615 30.676715
-20.602846 63.051434 33.238120
-18.741207 54.634476 27.417095
-44.750524 94.036522 35.674369
-45.256715 94.598846 21.823630
-48.421679 94.266243 27.401843
-47.195644 94.627972 22.312384
-41.272779 93.365898 21.992891
-43.184109 94.208527 18.634677
-47.397852 93.028908 40.443206
-45.143681 92.536240 43.250265
-42.694330 92.323513 42.830544
-33.054655 86.643734 44.790301
-30.975292 85.440636 43.300014
-30.150545 85.814619 39.414644
-33.543372 88.362894 40.341721
-39.609885 91.330891 42.331495
-37.161551 89.639740 44.338970
-38.346119 91.146183 38.482926
-35.494747 87.959318 45.926304
-36.907568 90.688829 27.607203
-37.713714 91.464462 21.883912
-35.680614 89.964161 32.449741
-31.769514 87.809467 31.260471
-29.643683 86.105156 33.139329
-55.069494 72.146416 47.254934
-55.185423 67.198791 48.247294
-54.828262 77.236400 46.333828
-52.929263 84.667473 46.647739
-54.282098 85.625095 43.313541
-56.320009 74.833660 44.515233
-56.150036 82.858067 40.332561
-57.061262 75.859985 42.353005
-51.982908 89.607410 43.369513
-51.574020 88.403835 46.066875
-51.612778 91.564007 36.851172
-49.966316 92.975216 32.815418
-49.752345 92.673664 36.615789
-54.259276 88.907776 37.017713
-52.729816 90.285263 38.837943
-56.174259 86.138611 33.172145
-55.525131 86.671886 36.729457
-56.816988 85.425644 30.333612
-50.263185 93.388062 28.808894
0.781326 -16.232960 -4.701803
-0.860007 -17.319603 -3.304013
1.977434 -17.575047 0.655677
-1.077327 -18.271234 0.254463
2.318624 -15.413828 -5.746973
2.834258 -13.248471 -8.157992
5.539503 -13.123063 -7.084022
3.486590 -15.808223 -3.858548
5.566133 -14.070513 -2.935428
4.452695 -15.379485 -2.142829
6.102179 -13.358064 1.277238
4.329023 -15.691788 0.650639
6.840091 -12.475894 -4.971055
6.339607 -13.160622 -3.230096
7.464330 -11.360869 -3.481502
6.678552 -12.476585 -1.685691
4.794495 -15.292289 3.689180
5.945249 -13.932080 5.269156
6.228124 -13.516585 9.036449
4.221846 -15.788279 5.322533
6.564016 -12.270994 5.110755
7.289442 -11.028104 7.831766
6.488874 -12.955675 6.260205
7.030181 -12.176750 8.597245
-1.088450 -17.608427 4.537379
0.344750 -16.662941 6.806688
2.685328 -16.232071 7.376837
1.486091 -15.978456 8.921420
4.072553 -13.584926 12.348590
1.834160 -13.977674 12.651590
3.892451 -15.682828 7.649316
5.217047 -14.019811 10.725501
13.532850 2.711586 -3.011128
13.159075 -2.827494 -4.527427
11.499983 1.746413 -5.597256
10.630996 -1.441854 -7.733325
11.692271 -4.098188 -7.622156
10.379251 -3.168167 -8.829915
10.043116 -5.664072 -9.024653
8.791634 -4.135336 -10.135778
12.053502 -5.337673 -5.688944
12.027252 -5.080364 -7.099079
10.706354 -7.558526 -6.297165
10.851636 -6.525583 -7.972234
10.187383 -5.756499 -3.187636
10.598005 -6.188072 -4.343078
6.283441 -8.150026 -1.581821
9.253194 -7.718289 -4.180301
8.985270 -9.725751 -4.957986
8.590113 -10.216540 -7.034717
8.184981 -10.959957 -5.847933
7.221790 -10.158764 -2.567274
8.490341 -9.106252 -3.924907
5.882966 -7.998124 -9.729514
3.948394 -9.735085 -9.703777
7.519118 -6.854063 -9.799473
8.117106 -8.705559 -8.834105
9.167118 -8.766260 -8.068637
14.811556 4.426203 5.462525
14.498472 6.062446 3.590159
15.956577 0.914239 1.194279
15.063858 4.762371 0.455947
13.824542 3.362565 10.449735
15.107534 3.039931 7.203820
14.587864 0.070723 10.377829
15.780275 0.858634 5.985311
14.788877 -1.840080 4.073420
13.579319 -2.182602 0.270031
13.493660 -2.745058 2.540146
12.832301 -4.215561 7.189016
11.863033 -3.992194 3.587312
10.249319 -4.323575 0.172170
14.485134 -2.129616 8.705524
15.336059 -1.024476 6.077218
11.943688 -3.810759 -2.064185
13.673300 -2.242684 -1.509009
14.861161 -0.456483 -1.891439
14.906635 2.500414 -1.585597
10.992537 -6.840826 12.976662
7.480608 -10.223501 13.449109
8.402082 -10.672615 11.611984
7.184243 -11.744444 12.245045
9.522952 -4.622200 15.082002
7.500045 -7.697713 14.827595
5.379272 -8.650720 15.110967
3.278136 -10.393385 14.860982
8.888261 -9.305364 10.365582
9.381073 -7.416648 10.101575
8.474545 -8.670262 9.617397
7.188025 -9.785613 7.538909
6.627991 -7.819456 7.123814
8.348271 -10.583171 10.464066
12.319607 -5.241228 10.376779
9.984467 -6.031772 7.858865
10.595102 -6.372209 9.590088
13.150896 -3.037817 12.228714
13.591428 -3.518836 10.618092
11.594018 -0.375028 13.854197
11.863158 2.192259 13.088526
11.568537 -2.568432 14.013938
6.348461 -10.890570 0.095939
6.644966 -11.306919 -1.307071
2.329988 -5.568653 -1.768436
3.208895 -7.020676 0.443836
1.684468 -5.908127 -0.796940
-2.401483 -2.767797 -2.387922
-1.248669 -4.664291 -0.365345
-0.076644 -5.723048 2.186439
3.684771 -7.111817 4.265225
4.461131 -7.554334 2.510903
5.930094 -8.538396 2.639289
1.046098 -5.792254 4.873165
3.099826 -6.711890 5.301670
1.454291 -5.229278 6.621401
3.886049 -6.483300 6.718210
6.463044 -10.714731 4.072827
6.615150 -11.042765 5.413536
6.360572 -10.074531 2.290539
10.076679 -5.370578 -2.115836
8.358629 -5.947682 -1.299385
7.339312 -4.050229 -0.618807
6.997387 -5.293801 -1.310211
4.131537 -2.396018 -1.888323
5.225289 -5.327801 -1.823488
3.066798 -4.780385 -2.108986
1.466805 -2.868124 -2.480961
10.263492 -4.230626 6.008152
10.472617 -4.086820 4.293532
7.058138 -2.355398 4.976840
9.033191 -3.840611 2.663171
7.572964 -3.507670 1.050003
5.906971 -2.234916 1.060520
4.490899 -4.805322 7.532135
3.629613 -5.223920 7.443156
1.708331 -3.932292 7.550022
1.400194 -1.192383 8.184870
4.239229 -1.564482 7.016263
5.566494 -4.280233 7.012603
7.377648 -5.166543 6.662889
9.318690 -5.219612 6.802601
-5.527283 -3.506616 0.010764
-8.625165 -2.009473 -1.156820
-14.432660 -0.925571 1.092688
-6.961125 -3.431869 1.567375
-10.950493 -1.118488 5.060359
-7.371947 -2.805151 3.774244
-7.265422 -0.459517 8.598992
-3.894824 -3.576848 5.036697
-1.521500 -4.364217 5.757307
-1.890608 -3.548709 7.287756
1.421747 1.879507 -2.222200
-2.595198 7.424659 -2.994365
-0.345872 2.607961 -3.468551
-3.356473 5.345614 -4.391786
-4.673612 3.526924 -4.939717
0.127966 0.595106 -3.457604
-3.341780 0.204907 -3.862625
-0.194710 -0.832919 -3.203517
1.118899 4.553511 6.735355
3.042183 2.755364 3.264325
1.012277 5.258702 5.198995
-6.081967 12.832550 8.411815
-1.953330 9.092231 4.782354
-0.160750 6.945333 2.018704
-3.136202 11.445172 1.388664
-3.930431 12.210549 3.698466
-6.643994 15.571880 4.202851
-7.256756 16.762289 0.636183
-0.385429 6.575494 -0.275451
-2.676110 10.197160 -0.347778
-4.994825 12.676787 -1.414537
2.899936 1.946718 0.814167
3.491214 0.446626 -0.013806
2.266598 3.245313 1.152750
-2.432973 -1.174870 8.623581
-0.991714 -2.876247 7.898793
-3.643689 0.850882 9.555838
-6.705172 2.838401 10.431371
-6.368079 5.672344 11.009542
-2.652173 2.501738 9.739669
-1.399777 5.002055 8.538104
-6.156195 8.779404 10.453532
-3.204508 5.603684 9.573567
1.384349 2.820243 7.485969
-17.773447 4.012939 -6.086661
-16.435778 1.026158 -2.789374
-10.038457 0.518708 -4.269105
-11.906812 -0.149710 -2.893338
-19.752444 1.599336 -2.036347
-22.090895 3.275302 -3.393452
-24.992321 2.990789 0.544782
-20.046587 1.030215 0.701222
-30.824447 11.282990 -6.639605
-27.579446 6.040865 -3.563084
-23.968811 7.236022 -6.716558
-24.783793 5.426435 -4.720926
-32.475171 8.624541 -2.843691
-29.836478 6.390153 -2.303940
-33.095140 7.724860 0.771281
-29.605942 5.201858 0.565008
-27.305713 4.880696 5.991604
-29.601893 5.450695 4.129548
-32.181945 7.450218 5.198169
-29.805777 8.546557 10.846543
-13.829470 0.608371 6.921456
-16.994436 1.272294 5.715638
-18.932216 4.191617 9.896652
-13.602710 2.402948 9.636380
-22.129741 3.111207 5.779063
-19.830437 1.655952 4.014967
-24.627204 4.543593 7.763876
-23.852048 6.181833 10.885645
-7.410695 8.195557 -5.852079
-9.400682 10.934972 -6.181667
-16.593229 13.410333 -8.369805
-10.121170 8.165983 -6.810606
-9.477769 14.706044 -4.721757
-11.539210 14.318098 -6.317562
-15.423977 20.480428 -5.464214
-16.162543 17.549728 -7.367216
-20.583398 20.145016 -7.445921
-21.619997 22.701054 -6.177548
-28.844051 24.507914 -6.097934
-22.951317 18.788903 -7.787702
-17.515538 8.605430 -7.797550
-21.913555 9.381347 -7.863757
-23.609207 12.474142 -8.070626
-29.316847 17.879560 -7.121952
-25.436475 16.303618 -7.762782
-7.956569 1.396246 -4.795572
-10.780416 3.947331 -5.952875
-12.931964 7.100202 -7.081413
-11.688308 20.033607 4.772437
-9.896392 19.086330 3.358069
-17.449769 25.291951 0.613404
-11.749880 21.249030 0.700805
-13.392270 19.361908 9.265087
-14.063792 21.521080 6.520913
-21.024144 24.951358 9.884745
-18.571714 25.320601 5.286418
-16.720240 23.534441 -3.012545
-13.266985 21.909463 -1.737626
-11.111231 19.232254 -2.549087
-8.317000 15.559514 -2.926507
-17.161040 13.612194 13.797419
-18.248520 8.324805 12.509093
-23.406484 11.098074 13.244483
-22.072854 8.695959 12.605851
-12.343950 6.444235 11.688429
-10.171857 6.275705 11.703585
-10.812383 9.282768 12.424355
-14.522948 5.900880 11.567191
-28.170044 14.172050 13.100355
-27.056231 19.369739 13.640257
-24.222374 13.710742 13.773165
-21.954401 16.762947 14.094379
-17.977769 19.215574 12.382946
-23.515649 22.064037 12.605755
-20.748391 19.594316 13.239081
-11.837513 14.129734 11.638368
-14.253929 17.631662 11.296033
-9.732676 11.028508 11.721314
-35.728259 11.080554 -2.040231
-37.802072 14.010961 -2.975620
-42.455258 16.568396 1.180864
-36.970673 11.064860 0.894644
-47.187648 22.155347 -1.746597
-42.107172 18.545216 -3.425903
-41.393194 19.946070 -5.107394
-52.106195 28.776510 -3.697359
-36.825342 12.302161 6.151819
-35.493677 10.141096 4.393257
-39.138584 15.467851 7.349901
-43.711500 19.248101 5.289670
-44.052010 22.571487 8.889797
-36.751657 15.525634 10.110792
-41.632018 34.451733 -3.091483
-38.805895 30.192890 -4.780763
-35.500739 29.867945 -4.398658
-35.781162 28.565016 -5.267685
-37.680984 26.135702 -5.881289
-33.398533 24.901793 -6.226764
-41.321559 31.210747 -4.684694
-43.996077 33.573022 -4.145840
-46.036329 32.481053 -4.675119
-42.192745 29.793432 -5.205952
-43.636794 26.590431 -5.228283
-48.718524 31.178510 -4.533872
-45.099516 29.295139 -4.995120
-39.992924 21.817615 -5.816064
-34.776824 19.591098 -6.542324
-32.084250 20.311506 -6.746404
-25.825002 29.283807 0.938454
-23.884716 28.456755 3.953448
-27.678213 29.828575 5.477083
-34.664304 33.379505 1.255051
-37.761312 34.885738 4.544247
-32.114005 31.755629 6.413876
-31.787543 30.777144 8.559470
-41.629786 35.964279 7.437361
-38.574533 34.357419 -1.292246
-35.384398 31.243114 -2.784479
-31.770575 29.588122 -2.483957
-27.159481 28.344431 -1.708003
-23.507819 25.885978 -3.064319
-20.709152 24.231887 -4.236233
-35.103266 20.532670 11.895554
-32.987103 24.153643 12.454046
-37.028899 23.734860 11.722596
-42.651167 25.894876 10.482531
-40.838771 29.139855 10.967643
-33.301113 16.445329 11.953461
-40.515108 32.561231 9.632537
-34.009953 30.151763 9.771407
-30.747845 27.230265 10.874100
-28.579462 24.478984 12.111391
-50.845947 24.644399 -0.629019
-54.454231 27.914209 -1.011374
-55.188723 27.647552 1.764689
-49.636774 22.966626 1.259646
-61.398239 30.377312 1.213635
-57.894440 29.967556 -1.546000
-61.689749 31.618094 -1.998442
-59.190254 31.197784 -2.661504
-57.781682 32.180147 -4.016511
-61.904631 34.440410 -4.863786
-58.763423 29.486151 1.242197
-57.281966 29.293466 -0.619522
-58.874474 29.988317 3.605512
-59.884338 30.824580 4.995803
-56.539702 31.097834 8.366117
-56.603017 29.331918 4.959559
-62.084208 31.734078 5.360373
-60.779829 31.846457 6.605575
-62.100973 34.451766 9.804040
-59.724598 32.971206 8.813109
-50.667505 25.336890 5.074468
-48.111949 22.506490 3.713298
-53.071060 27.535801 6.354578
-50.842342 27.357123 8.533553
-53.542418 38.090520 -4.295790
-47.808847 37.008414 -3.526102
-51.441917 40.394430 -2.677211
-48.262548 38.748112 -2.567132
-45.219865 38.327069 -1.602490
-49.262547 42.240772 -0.152024
-49.546003 35.130615 -4.481548
-47.204165 35.480497 -4.105172
-58.712215 45.996804 -4.132345
-59.009838 42.983537 -4.892073
-55.875754 45.028553 -2.852238
-54.762721 43.096657 -2.932958
-54.798250 46.158714 -1.676839
-58.636465 48.787436 -3.141033
-56.781101 40.641866 -4.521701
-54.332256 41.549678 -3.350403
-57.989016 36.488478 -4.759919
-60.673800 39.420710 -5.342577
-58.814344 38.808036 -4.954484
-56.522593 34.090862 -4.481639
-53.651814 33.928490 -4.315155
-50.982122 33.564887 -4.415596
-50.224361 43.049631 3.813297
-47.364378 40.620189 4.996010
-44.999695 39.195275 3.825199
-47.334585 39.845741 7.203713
-52.099814 43.486371 7.251109
-41.987553 37.556655 2.873455
-42.076368 37.804527 0.782437
-58.464103 52.014203 1.817102
-54.905343 47.440767 4.409307
-58.466110 51.362562 5.207874
-56.369019 48.671408 5.488848
-55.953617 47.233534 7.318012
-58.630733 50.371380 7.536527
-54.084735 47.041101 0.941021
-53.067832 45.882740 2.969772
-58.189001 50.298004 -1.029052
-55.513878 47.889738 -0.558302
-41.983175 37.156463 -0.663449
-49.335084 30.349021 10.007470
-47.708235 33.896151 10.414890
-50.785041 33.053160 10.174201
-55.018125 34.404738 9.800925
-53.318353 38.000276 10.186726
-47.825489 27.786694 9.760317
-58.249674 36.603284 10.263665
-57.194610 41.088157 10.799391
-58.980980 39.073658 10.814294
-61.107669 39.954743 11.434246
-60.222559 44.845567 11.535128
-57.935972 34.660404 9.768526
-56.173773 44.033294 9.612823
-57.076674 46.201162 8.938559
-59.350681 48.274755 9.520013
-55.310931 42.133818 9.984993
-52.320580 40.833721 9.132613
-47.392988 37.195959 9.121469
-48.899817 39.341507 8.561521
-45.418944 34.674106 9.796495
-65.501022 23.661997 7.873687
-65.539398 21.769729 14.742134
-65.070505 25.203390 21.882315
-64.774837 29.995551 14.298298
-62.943687 30.852633 3.852929
-63.066239 30.058382 1.044500
-64.127669 28.600867 0.839182
-63.383880 30.919414 5.652368
-64.596181 28.234506 6.708019
-65.170612 25.299735 4.332103
-65.186028 24.490480 0.054278
-63.917632 30.428529 8.136143
-63.747659 32.575858 11.370373
-63.379984 31.065230 -2.564033
-62.946625 30.898817 -1.189116
-64.678288 31.323395 -9.558542
-64.559107 28.686476 -4.121712
-63.664141 32.951133 -6.550341
-63.890314 30.827053 -4.561278
-65.459929 24.165459 -6.401716
-65.140371 25.652075 -3.323273
-65.024920 25.818439 -16.411591
-65.496016 22.374215 -11.737976
-61.532502 58.618159 11.287690
-61.956091 56.780982 22.829335
-60.314083 69.307089 17.917674
-60.851917 64.592452 23.916523
-62.340479 52.545323 15.285590
-62.512732 52.574134 21.026583
-62.909384 46.340981 16.615536
-62.949762 48.356814 23.969378
-60.285640 53.920426 8.497954
-60.542288 51.550674 9.882513
-61.293554 51.483669 11.315954
-61.927605 50.537267 13.021705
-61.999836 46.242952 13.651328
-62.801199 40.219617 13.292469
-63.821573 38.999922 16.541500
-63.537865 36.909988 13.512714
-62.132044 42.127595 12.907051
-63.906593 38.600309 24.781661
-64.339805 32.424088 27.193201
-63.591261 42.435551 22.159741
-61.221571 63.207011 -17.988093
-62.349243 54.609628 -11.201630
-61.184325 64.743452 -12.579323
-61.725240 60.953288 -7.053105
-61.385150 59.089799 -2.772387
-61.838088 58.514228 -5.171089
-62.019258 55.197544 -7.189652
-61.349645 54.529862 -4.684130
-59.719467 52.072372 -2.152292
-60.175915 54.115400 -1.663945
-60.277085 51.630464 -3.887811
-60.371094 58.424749 1.206794
-60.610194 57.449398 -1.074138
-60.273833 56.041746 5.628935
-60.679321 58.888607 4.072469
-61.111069 63.278217 6.664562
-59.834633 54.020915 6.432802
-60.465250 69.511065 11.990278
-63.521328 43.393540 -11.121373
-62.596989 49.343462 -8.915229
-63.298659 43.794584 -9.242926
-63.521447 39.212053 -8.420802
-62.263985 45.790429 -7.463995
-62.531147 52.015467 -18.458030
-63.376746 44.686346 -15.395520
-63.854003 39.016147 -17.743776
-64.330993 32.466333 -20.061975
-61.591735 41.291327 -6.074389
-61.066628 44.315810 -6.151435
-62.464037 39.653306 -6.604527
-63.313093 36.817002 -7.380455
-60.651007 48.016272 -5.404786
-60.364795 46.312294 -5.389718
-60.968742 50.185003 -5.320171
-61.817956 50.901079 -6.530118
-61.605568 59.262595 -21.428142
-62.181258 52.141614 -7.867312
2868
0 1 2
2 1 3
4 5 3
3 5 2
6 0 5
5 0 2
1 7 3
3 7 8
7 9 8
8 9 10
10 4 8
8 4 3
1 11 7
7 11 12
11 13 12
12 13 14
14 9 12
12 9 7
15 16 17
17 16 18
1 0 16
16 0 18
0 6 18
18 6 17
19 20 21
21 20 22
22 1 21
21 1 16
15 19 16
16 19 21
23 24 25
25 24 26
27 28 24
24 28 26
20 25 28
28 25 26
22 20 29
29 20 28
27 30 28
28 30 29
30 1 29
29 1 22
27 31 30
30 31 32
13 11 31
31 11 32
1 30 11
11 30 32
27 33 31
31 33 34
33 35 34
34 35 36
36 13 34
34 13 31
37 38 39
39 38 40
35 33 40
40 33 39
27 37 33
33 37 39
41 15 42
42 15 43
43 44 42
42 44 45
46 41 45
45 41 42
15 41 19
19 41 47
41 46 47
47 46 48
20 19 48
48 19 47
46 49 50
50 49 51
49 52 51
51 52 53
54 50 53
53 50 51
44 55 45
45 55 56
52 49 55
55 49 56
49 46 56
56 46 45
44 57 55
55 57 58
57 59 58
58 59 60
52 55 60
60 55 58
61 62 63
63 62 64
65 66 62
62 66 64
66 23 64
64 23 63
62 61 67
67 61 68
54 69 68
68 69 67
65 62 69
69 62 67
46 50 70
70 50 71
50 54 71
71 54 68
61 70 68
68 70 71
20 72 25
25 72 73
72 61 73
73 61 63
23 25 63
63 25 73
72 20 74
74 20 48
46 70 48
48 70 74
61 72 70
70 72 74
75 76 77
77 76 78
76 52 78
78 52 60
59 77 60
60 77 78
76 75 79
79 75 80
81 82 80
80 82 79
52 76 82
82 76 79
83 54 84
84 54 53
52 82 53
53 82 84
81 83 82
82 83 84
85 86 87
87 86 88
86 89 88
88 89 90
91 87 90
90 87 88
81 92 93
93 92 94
92 89 94
94 89 95
95 96 94
94 96 93
91 97 98
98 97 99
97 81 99
99 81 80
80 75 99
99 75 98
97 91 100
100 91 90
89 92 90
90 92 100
81 97 92
92 97 100
101 102 103
103 102 104
105 106 104
104 106 103
106 107 103
103 107 101
102 108 104
104 108 109
108 96 109
109 96 110
110 105 109
109 105 104
96 108 93
93 108 111
108 102 111
111 102 112
81 93 112
112 93 111
65 113 114
114 113 115
113 102 115
115 102 101
101 107 115
115 107 114
113 65 116
116 65 69
54 117 69
69 117 116
102 113 117
117 113 116
83 81 118
118 81 112
102 117 112
112 117 118
54 83 117
117 83 118
119 120 121
121 120 122
85 123 122
122 123 121
123 124 121
121 124 119
120 125 122
122 125 126
125 89 126
126 89 86
86 85 126
126 85 122
127 128 129
129 128 130
89 125 130
130 125 129
125 120 129
129 120 127
128 131 130
130 131 132
131 96 132
132 96 95
95 89 132
132 89 130
4 133 134
134 133 135
133 120 135
135 120 119
119 124 135
135 124 134
133 4 136
136 4 10
10 9 136
136 9 137
120 133 137
137 133 136
14 13 138
138 13 139
120 137 139
139 137 138
137 9 138
138 9 14
13 140 139
139 140 141
140 128 141
141 128 127
127 120 141
141 120 139
142 143 144
144 143 145
143 35 145
145 35 40
38 144 40
40 144 145
142 146 143
143 146 147
146 128 147
147 128 148
35 143 148
148 143 147
36 35 149
149 35 148
128 140 148
148 140 149
140 13 149
149 13 36
146 142 150
150 142 151
96 131 151
151 131 150
131 128 150
150 128 146
142 152 151
151 152 153
152 105 153
153 105 110
96 151 110
110 151 153
154 155 156
156 155 157
155 158 157
157 158 159
160 156 159
159 156 157
161 162 163
163 162 164
164 165 163
163 165 166
167 161 166
166 161 163
168 169 170
170 169 171
165 164 169
169 164 171
164 162 171
171 162 170
169 168 172
172 168 173
173 174 172
172 174 175
165 169 175
175 169 172
174 176 175
175 176 177
176 178 177
177 178 179
179 165 177
177 165 175
180 160 181
181 160 159
158 182 159
159 182 181
183 180 182
182 180 181
174 184 176
176 184 185
184 158 185
185 158 186
186 178 185
185 178 176
184 174 187
187 174 188
188 183 187
187 183 182
158 184 182
182 184 187
189 190 191
191 190 192
190 193 192
192 193 194
195 191 194
194 191 192
196 197 198
198 197 199
200 201 199
199 201 198
202 196 201
201 196 198
195 203 191
191 203 204
203 200 204
204 200 205
205 189 204
204 189 191
203 195 206
206 195 207
207 202 206
206 202 201
200 203 201
201 203 206
208 209 210
210 209 211
209 200 211
211 200 199
197 210 199
199 210 211
212 213 214
214 213 215
213 216 215
215 216 217
217 218 215
215 218 214
213 212 219
219 212 220
220 193 219
219 193 221
216 213 221
221 213 219
190 189 222
222 189 223
216 221 223
223 221 222
193 190 221
221 190 222
224 225 226
226 225 227
228 229 227
227 229 226
229 230 226
226 230 224
225 231 227
227 231 232
231 233 232
232 233 234
234 228 232
232 228 227
235 236 237
237 236 238
233 231 238
238 231 237
231 225 237
237 225 235
236 239 238
238 239 240
241 242 239
239 242 240
242 233 240
240 233 238
243 244 245
245 244 246
247 248 246
246 248 245
236 243 248
248 243 245
236 248 239
239 248 249
248 247 249
249 247 250
250 241 249
249 241 239
244 251 246
246 251 252
253 254 251
251 254 252
254 247 252
252 247 246
234 233 255
255 233 256
257 258 256
256 258 255
228 234 258
258 234 255
242 241 259
259 241 260
257 256 260
260 256 259
233 242 256
256 242 259
261 262 263
263 262 264
265 266 262
262 266 264
266 267 264
264 267 263
268 269 270
270 269 271
265 262 271
271 262 270
262 261 270
270 261 268
269 272 271
271 272 273
272 274 273
273 274 275
275 265 273
273 265 271
276 277 278
278 277 279
280 281 279
279 281 278
282 276 281
281 276 278
283 284 285
285 284 286
277 276 284
284 276 286
276 282 286
286 282 285
287 288 289
289 288 290
277 284 290
290 284 289
284 283 289
289 283 287
288 291 290
290 291 292
291 267 292
292 267 293
293 277 292
292 277 290
294 261 295
295 261 263
267 291 263
263 291 295
288 294 291
291 294 295
296 124 297
297 124 298
299 300 298
298 300 297
300 301 297
297 301 296
124 123 298
298 123 302
85 303 123
123 303 302
303 299 302
302 299 298
304 305 306
306 305 307
154 156 307
307 156 306
160 304 156
156 304 306
301 300 308
308 300 309
299 310 300
300 310 309
310 305 309
309 305 308
311 312 313
313 312 314
305 304 312
312 304 314
304 160 314
314 160 313
311 315 312
312 315 316
315 301 316
316 301 308
305 312 308
308 312 316
124 317 134
134 317 318
317 319 318
318 319 320
4 134 320
320 134 318
317 124 321
321 124 296
296 301 321
321 301 322
319 317 322
322 317 321
323 319 324
324 319 322
301 315 322
322 315 324
315 311 324
324 311 323
209 208 325
325 208 326
327 328 326
326 328 325
200 209 328
328 209 325
329 330 331
331 330 332
330 327 332
332 327 326
208 331 326
326 331 332
330 329 333
333 329 334
335 336 334
334 336 333
327 330 336
336 330 333
337 338 339
339 338 340
327 336 340
340 336 339
335 337 336
336 337 339
189 341 342
342 341 343
341 327 343
343 327 340
340 338 343
343 338 342
341 189 344
344 189 205
200 328 205
205 328 344
327 341 328
328 341 344
345 346 347
347 346 348
349 350 348
348 350 347
335 345 350
350 345 347
335 350 351
351 350 352
349 353 350
350 353 352
353 354 352
352 354 351
355 346 356
356 346 345
345 335 356
356 335 334
329 355 334
334 355 356
357 358 359
359 358 360
354 361 358
358 361 360
361 362 360
360 362 359
358 357 363
363 357 364
365 366 364
364 366 363
354 358 366
366 358 363
354 366 351
351 366 367
366 365 367
367 365 368
335 351 368
368 351 367
338 369 342
342 369 370
369 216 370
370 216 223
189 342 223
223 342 370
335 371 337
337 371 372
216 369 371
371 369 372
369 338 372
372 338 337
371 335 373
373 335 368
368 365 373
373 365 374
216 371 374
374 371 373
218 375 376
376 375 377
375 365 377
377 365 364
364 357 377
377 357 376
375 218 378
378 218 217
217 216 378
378 216 374
365 375 374
374 375 378
379 380 381
381 380 382
383 384 380
380 384 382
385 381 384
384 381 382
386 387 388
388 387 389
390 391 387
387 391 389
391 379 389
389 379 388
392 168 393
393 168 170
162 394 170
170 394 393
394 395 393
393 395 392
387 386 396
396 386 397
397 395 396
396 395 398
390 387 398
398 387 396
399 390 400
400 390 398
395 401 398
398 401 400
402 399 401
401 399 400
394 162 403
403 162 404
402 401 404
404 401 403
395 394 401
401 394 403
162 161 404
404 161 405
167 406 161
161 406 405
406 402 405
405 402 404
383 407 408
408 407 409
407 410 409
409 410 411
411 412 409
409 412 408
407 383 413
413 383 380
379 414 380
380 414 413
410 407 414
414 407 413
391 390 415
415 390 416
410 414 416
416 414 415
379 391 414
414 391 415
417 418 419
419 418 420
274 421 420
420 421 419
421 422 419
419 422 417
418 423 420
420 423 424
265 275 423
423 275 424
275 274 424
424 274 420
418 425 423
423 425 426
425 427 426
426 427 428
265 423 428
428 423 426
266 265 429
429 265 428
427 430 428
428 430 429
267 266 430
430 266 429
431 432 433
433 432 434
422 435 432
432 435 434
436 433 435
435 433 434
431 437 432
432 437 438
418 417 437
437 417 438
417 422 438
438 422 432
439 440 441
441 440 442
443 444 442
442 444 441
445 439 444
444 439 441
446 443 447
447 443 442
440 448 442
442 448 447
449 446 448
448 446 447
445 450 451
451 450 452
418 437 450
450 437 452
437 431 452
452 431 451
445 444 450
450 444 453
443 454 444
444 454 453
454 418 453
453 418 450
277 455 279
279 455 456
457 458 455
455 458 456
458 280 456
456 280 279
293 267 459
459 267 460
457 455 460
460 455 459
277 293 455
455 293 459
267 430 460
460 430 461
430 427 461
461 427 462
462 457 461
461 457 460
454 443 463
463 443 464
427 425 464
464 425 463
425 418 463
463 418 454
443 465 464
464 465 466
457 462 465
465 462 466
462 427 466
466 427 464
446 449 467
467 449 468
457 465 468
468 465 467
443 446 465
465 446 467
449 469 468
468 469 470
280 458 469
469 458 470
458 457 470
470 457 468
471 472 473
473 472 474
472 44 474
474 44 43
43 15 474
474 15 473
472 471 475
475 471 476
476 477 475
475 477 478
44 472 478
478 472 475
479 230 480
480 230 481
477 482 481
481 482 480
482 483 480
480 483 479
230 229 481
481 229 484
229 228 484
484 228 485
477 481 485
485 481 484
476 471 486
486 471 487
483 482 487
487 482 486
477 476 482
482 476 486
257 488 258
258 488 489
488 477 489
489 477 485
485 228 489
489 228 258
488 257 490
490 257 491
491 492 490
490 492 493
477 488 493
493 488 490
492 494 493
493 494 495
44 478 494
494 478 495
478 477 495
495 477 493
492 496 494
494 496 497
496 59 497
497 59 57
44 494 57
57 494 497
498 499 500
500 499 501
282 502 501
501 502 500
502 503 500
500 503 498
499 504 501
501 504 505
504 283 505
505 283 285
282 501 285
285 501 505
506 507 508
508 507 509
283 504 509
509 504 508
504 499 508
508 499 506
507 510 509
509 510 511
288 287 510
510 287 511
287 283 511
511 283 509
512 513 514
514 513 515
503 516 513
513 516 515
516 517 515
515 517 514
512 518 513
513 518 519
518 499 519
519 499 498
503 513 498
498 513 519
518 512 520
520 512 521
507 506 521
521 506 520
506 499 520
520 499 518
522 523 524
524 523 525
526 527 523
523 527 525
507 524 527
527 524 525
507 527 528
528 527 529
527 526 529
529 526 530
531 528 530
530 528 529
532 522 533
533 522 524
507 521 524
524 521 533
512 532 521
521 532 533
507 534 510
510 534 535
261 294 534
534 294 535
294 288 535
535 288 510
528 531 536
536 531 537
261 534 537
537 534 536
507 528 534
534 528 536
531 538 537
537 538 539
538 269 539
539 269 268
268 261 539
539 261 537
540 541 542
542 541 543
544 545 543
543 545 542
546 540 545
545 540 542
244 547 251
251 547 548
547 549 548
548 549 550
550 253 548
548 253 251
547 244 551
551 244 552
552 553 551
551 553 554
549 547 554
554 547 551
555 546 556
556 546 557
549 554 557
557 554 556
554 553 556
556 553 555
546 545 557
557 545 558
545 544 558
558 544 559
559 549 558
558 549 557
540 546 560
560 546 561
562 563 561
561 563 560
541 540 563
563 540 560
564 565 566
566 565 567
565 193 567
567 193 220
220 212 567
567 212 566
565 564 568
568 564 569
570 571 569
569 571 568
193 565 571
571 565 568
572 195 573
573 195 194
193 571 194
194 571 573
570 572 571
571 572 573
574 575 576
576 575 577
570 578 577
577 578 576
579 574 578
578 574 576
570 577 580
580 577 581
577 575 581
581 575 582
583 580 582
582 580 581
584 579 585
585 579 578
570 569 578
578 569 585
564 584 569
569 584 585
586 587 588
588 587 589
583 590 587
587 590 589
591 588 590
590 588 589
586 592 587
587 592 593
592 594 593
593 594 595
583 587 595
595 587 593
583 595 580
580 595 596
595 594 596
596 594 597
570 580 597
597 580 596
570 598 572
572 598 599
598 202 599
599 202 207
195 572 207
207 572 599
598 570 600
600 570 597
597 594 600
600 594 601
202 598 601
601 598 600
197 602 603
603 602 604
602 594 604
604 594 592
592 586 604
604 586 603
197 196 602
602 196 605
196 202 605
605 202 601
594 602 601
601 602 605
6 5 606
606 5 607
4 608 5
5 608 607
608 609 607
607 609 606
610 611 612
612 611 613
274 272 613
613 272 612
272 269 612
612 269 610
611 614 613
613 614 615
614 609 615
615 609 616
616 274 615
615 274 613
617 6 618
618 6 606
609 614 606
606 614 618
611 617 614
614 617 618
619 620 621
621 620 622
6 617 620
620 617 622
617 611 622
622 611 621
623 15 624
624 15 17
6 620 17
17 620 624
619 623 620
620 623 624
625 626 627
627 626 628
629 630 628
628 630 627
562 625 630
630 625 627
626 631 628
628 631 632
385 633 631
631 633 632
633 629 632
632 629 628
626 634 631
631 634 635
634 636 635
635 636 637
637 385 635
635 385 631
638 282 639
639 282 640
636 634 640
640 634 639
634 626 639
639 626 638
282 281 640
640 281 641
280 642 281
281 642 641
642 636 641
641 636 640
436 643 644
644 643 645
643 311 645
645 311 313
160 644 313
313 644 645
436 646 643
643 646 647
646 648 647
647 648 649
311 643 649
649 643 647
436 435 650
650 435 651
422 652 435
435 652 651
652 653 651
651 653 650
650 654 436
646 436 654
653 655 650
650 655 654
655 648 654
654 648 646
609 656 616
616 656 657
658 659 656
656 659 657
659 274 657
657 274 616
655 653 660
660 653 661
658 662 661
661 662 660
662 648 660
660 648 655
652 422 663
663 422 664
658 661 664
664 661 663
661 653 663
663 653 652
422 421 664
664 421 665
274 659 421
421 659 665
659 658 665
665 658 664
658 666 662
662 666 667
311 649 666
666 649 667
649 648 667
667 648 662
658 668 666
666 668 669
319 323 668
668 323 669
311 666 323
323 666 669
4 670 608
608 670 671
658 656 670
670 656 671
609 608 656
656 608 671
4 320 670
670 320 672
320 319 672
672 319 668
658 670 668
668 670 672
431 673 451
451 673 674
675 676 673
673 676 674
445 451 676
676 451 674
174 677 678
678 677 679
445 676 677
677 676 679
676 675 679
679 675 678
173 168 680
680 168 681
445 677 681
681 677 680
174 173 677
677 173 680
168 682 681
681 682 683
440 439 682
682 439 683
439 445 683
683 445 681
436 684 433
433 684 685
684 686 685
685 686 687
431 433 687
687 433 685
183 688 689
689 688 690
686 684 688
688 684 690
684 436 690
690 436 689
675 691 692
692 691 693
691 686 693
693 686 688
183 692 688
688 692 693
431 687 673
673 687 694
686 691 687
687 691 694
691 675 694
694 675 673
183 188 692
692 188 695
174 678 188
188 678 695
678 675 695
695 675 692
436 644 689
689 644 696
160 180 644
644 180 696
180 183 696
696 183 689
697 698 699
699 698 700
379 381 700
700 381 699
385 697 381
381 697 699
386 388 701
701 388 702
379 700 388
388 700 702
698 701 700
700 701 702
642 280 703
703 280 704
698 705 704
704 705 703
636 642 705
705 642 703
449 706 469
469 706 707
706 698 707
707 698 704
280 469 704
704 469 707
386 701 708
708 701 709
698 706 701
701 706 709
706 449 709
709 449 708
637 636 710
710 636 705
698 697 705
705 697 710
697 385 710
710 385 637
711 712 713
713 712 714
712 440 714
714 440 682
168 713 682
682 713 714
708 449 715
715 449 716
711 717 716
716 717 715
386 708 717
717 708 715
449 448 716
716 448 718
440 712 448
448 712 718
712 711 718
718 711 716
717 711 719
719 711 720
395 397 720
720 397 719
386 717 397
397 717 719
168 392 713
713 392 721
395 720 392
392 720 721
711 713 720
720 713 721
503 722 516
516 722 723
244 724 722
722 724 723
724 517 723
723 517 516
503 725 722
722 725 726
725 553 726
726 553 552
552 244 726
726 244 722
727 546 728
728 546 555
555 553 728
728 553 725
503 727 725
725 727 728
503 729 730
730 729 731
626 625 729
729 625 731
625 562 731
731 562 730
503 502 729
729 502 732
502 282 732
732 282 638
638 626 732
732 626 729
503 730 727
727 730 733
730 562 733
733 562 561
546 727 561
561 727 733
734 517 735
735 517 736
236 235 736
736 235 735
225 734 235
235 734 735
532 512 737
737 512 514
517 738 514
514 738 737
522 532 738
738 532 737
225 739 734
734 739 740
522 738 739
739 738 740
517 734 738
738 734 740
224 230 741
741 230 742
522 739 742
742 739 741
225 224 739
739 224 741
517 724 736
736 724 743
244 243 724
724 243 743
243 236 743
743 236 736
471 744 745
745 744 746
619 747 744
744 747 746
747 748 746
746 748 745
471 473 744
744 473 749
15 623 473
473 623 749
623 619 749
749 619 744
750 748 751
751 748 752
269 538 752
752 538 751
538 531 751
751 531 750
748 753 752
752 753 754
753 611 754
754 611 610
610 269 754
754 269 752
748 747 753
753 747 755
747 619 755
755 619 621
611 753 621
621 753 755
230 756 742
742 756 757
526 523 756
756 523 757
522 742 523
523 742 757
756 230 758
758 230 479
483 759 479
479 759 758
526 756 759
759 756 758
748 760 761
761 760 762
526 759 760
760 759 762
483 761 759
759 761 762
750 531 763
763 531 530
526 760 530
530 760 763
748 750 760
760 750 763
748 761 745
745 761 764
761 483 764
764 483 487
471 745 487
487 745 764
75 77 765
765 77 766
77 59 766
766 59 767
768 765 767
767 765 766
769 212 770
770 212 771
772 773 771
771 773 770
774 769 773
773 769 770
768 775 765
765 775 776
775 772 776
776 772 777
75 765 777
777 765 776
775 768 778
778 768 779
779 774 778
778 774 773
772 775 773
773 775 778
777 772 780
780 772 781
782 783 781
781 783 780
75 777 783
783 777 780
218 784 214
214 784 785
784 772 785
785 772 771
212 214 771
771 214 785
784 218 786
786 218 787
787 782 786
786 782 781
772 784 781
781 784 786
75 783 98
98 783 788
782 789 783
783 789 788
789 91 788
788 91 98
85 87 790
790 87 791
87 91 791
791 91 789
782 790 789
789 790 791
197 792 210
210 792 793
792 794 793
793 794 795
208 210 795
795 210 793
792 197 796
796 197 797
797 798 796
796 798 799
794 792 799
799 792 796
412 800 801
801 800 802
798 803 800
800 803 802
803 804 802
802 804 801
800 412 805
805 412 806
806 794 805
805 794 799
798 800 799
799 800 805
804 803 807
807 803 808
803 798 808
808 798 809
810 807 809
809 807 808
807 810 811
811 810 812
544 813 812
812 813 811
804 807 813
813 807 811
406 167 814
814 167 815
815 816 814
814 816 817
402 406 817
817 406 814
390 818 819
819 818 820
818 816 820
820 816 821
821 329 820
820 329 819
390 399 818
818 399 822
399 402 822
822 402 817
816 818 817
817 818 822
329 821 355
355 821 823
821 816 823
823 816 824
346 355 824
824 355 823
825 346 826
826 346 824
816 815 824
824 815 826
167 825 815
815 825 826
827 208 828
828 208 795
794 829 795
795 829 828
830 827 829
829 827 828
410 831 411
411 831 832
794 806 831
831 806 832
806 412 832
832 412 411
410 833 831
831 833 834
833 830 834
834 830 829
794 831 829
829 831 834
329 835 836
836 835 837
835 830 837
837 830 833
410 836 833
833 836 837
208 827 331
331 827 838
827 830 838
838 830 835
329 331 835
835 331 838
329 836 819
819 836 839
836 410 839
839 410 416
390 819 416
416 819 839
840 841 842
842 841 843
158 155 841
841 155 843
155 154 843
843 154 842
844 178 845
845 178 186
186 158 845
845 158 841
840 844 841
841 844 845
846 362 847
847 362 361
354 848 361
361 848 847
840 846 848
848 846 847
167 849 825
825 849 850
849 349 850
850 349 348
346 825 348
348 825 850
848 354 851
851 354 353
353 349 851
851 349 852
840 848 852
852 848 851
840 853 844
844 853 854
853 165 854
854 165 179
179 178 854
854 178 844
853 840 855
855 840 852
349 856 852
852 856 855
165 853 856
856 853 855
849 167 857
857 167 166
165 856 166
166 856 857
349 849 856
856 849 857
858 859 860
860 859 861
85 790 861
861 790 860
782 858 790
790 858 860
859 862 861
861 862 863
862 299 863
863 299 303
303 85 863
863 85 861
299 862 864
864 862 865
862 859 865
865 859 866
866 867 865
865 867 864
787 218 868
868 218 869
859 858 869
869 858 868
782 787 858
858 787 868
357 870 376
376 870 871
870 859 871
871 859 869
218 376 869
869 376 871
870 357 872
872 357 873
873 874 872
872 874 875
859 870 875
875 870 872
859 875 866
866 875 876
875 874 876
876 874 877
867 866 877
877 866 876
362 878 359
359 878 879
878 874 879
879 874 873
357 359 873
873 359 879
867 880 881
881 880 882
880 362 882
882 362 846
840 881 846
846 881 882
867 877 880
880 877 883
877 874 883
883 874 878
362 880 878
878 880 883
867 884 864
864 884 885
305 310 884
884 310 885
310 299 885
885 299 864
154 886 842
842 886 887
886 867 887
887 867 881
881 840 887
887 840 842
886 154 888
888 154 307
305 884 307
307 884 888
867 886 884
884 886 888
889 890 891
891 890 892
492 491 890
890 491 892
257 891 491
491 891 892
890 889 893
893 889 894
894 579 893
893 579 895
492 890 895
895 890 893
896 897 898
898 897 899
492 895 899
899 895 898
579 896 895
895 896 898
574 579 900
900 579 894
894 889 900
900 889 901
575 574 901
901 574 900
896 579 902
902 579 584
584 564 902
902 564 903
897 896 903
903 896 902
897 904 905
905 904 906
904 774 906
906 774 779
779 768 906
906 768 905
904 897 907
907 897 903
903 564 907
907 564 908
774 904 908
908 904 907
212 769 566
566 769 909
769 774 909
909 774 908
564 566 908
908 566 909
768 910 905
905 910 911
492 899 910
910 899 911
899 897 911
911 897 905
910 768 912
912 768 767
59 496 767
767 496 912
492 910 496
496 910 912
913 914 915
915 914 916
247 254 914
914 254 916
254 253 916
916 253 915
917 241 918
918 241 250
250 247 918
918 247 914
913 917 914
914 917 918
919 591 920
920 591 590
583 921 590
590 921 920
913 919 921
921 919 920
575 901 922
922 901 923
889 924 901
901 924 923
924 925 923
923 925 922
921 583 926
926 583 927
925 928 927
927 928 926
913 921 928
928 921 926
583 582 927
927 582 929
575 922 582
582 922 929
925 927 922
922 927 929
913 930 917
917 930 931
930 257 931
931 257 260
241 917 260
260 917 931
930 913 932
932 913 928
928 925 932
932 925 933
257 930 933
933 930 932
924 889 934
934 889 891
257 933 891
891 933 934
933 925 934
934 925 924
586 935 603
603 935 936
935 798 936
936 798 797
797 197 936
936 197 603
935 586 937
937 586 938
938 939 937
937 939 940
798 935 940
940 935 937
941 810 942
942 810 809
798 940 809
809 940 942
939 941 940
940 941 942
591 943 588
588 943 944
943 939 944
944 939 938
586 588 938
938 588 944
549 945 946
946 945 947
591 919 945
945 919 947
919 913 947
947 913 946
549 948 945
945 948 949
948 939 949
949 939 943
943 591 949
949 591 945
810 941 950
950 941 951
941 939 951
951 939 948
549 950 948
948 950 951
950 549 952
952 549 559
559 544 952
952 544 812
810 950 812
812 950 952
253 550 915
915 550 953
550 549 953
953 549 946
913 915 946
946 915 953
38 954 144
144 954 955
954 956 955
955 956 957
957 142 955
955 142 144
954 38 958
958 38 959
959 960 958
958 960 961
956 954 961
961 954 958
960 962 961
961 962 963
964 965 962
962 965 963
965 956 963
963 956 961
960 966 962
962 966 967
966 968 967
967 968 969
964 962 969
969 962 967
965 964 970
970 964 971
972 973 971
971 973 970
956 965 973
973 965 970
974 975 976
976 975 977
977 972 976
976 972 971
964 974 971
971 974 976
957 956 978
978 956 979
105 152 979
979 152 978
152 142 978
978 142 957
956 980 979
979 980 981
980 982 981
981 982 983
983 105 981
981 105 979
956 973 980
980 973 984
973 972 984
984 972 985
982 980 985
985 980 984
986 987 988
988 987 989
27 24 989
989 24 988
23 986 24
24 986 988
987 990 989
989 990 991
990 992 991
991 992 993
27 989 993
993 989 991
987 994 990
990 994 995
996 997 994
994 997 995
992 990 997
997 990 995
987 998 994
994 998 999
1000 1001 998
998 1001 999
1001 996 999
999 996 994
996 1002 1003
1003 1002 1004
1002 968 1004
1004 968 966
960 1003 966
966 1003 1004
1005 968 1006
1006 968 1002
996 1001 1002
1002 1001 1006
1001 1000 1006
1006 1000 1005
27 1007 37
37 1007 1008
1007 960 1008
1008 960 959
38 37 959
959 37 1008
27 993 1007
1007 993 1009
993 992 1009
1009 992 1010
960 1007 1010
1010 1007 1009
960 1010 1003
1003 1010 1011
1010 992 1011
1011 992 997
997 996 1011
1011 996 1003
65 1012 66
66 1012 1013
1014 1015 1012
1012 1015 1013
1015 23 1013
1013 23 66
65 1016 1012
1012 1016 1017
1016 1018 1017
1017 1018 1019
1014 1012 1019
1019 1012 1017
1014 1020 1021
1021 1020 1022
1023 1024 1020
1020 1024 1022
1025 1021 1024
1024 1021 1022
1018 1026 1019
1019 1026 1027
1026 1023 1027
1027 1023 1020
1014 1019 1020
1020 1019 1027
1028 987 1029
1029 987 1030
1014 1021 1030
1030 1021 1029
1025 1028 1021
1021 1028 1029
23 1015 986
986 1015 1031
1015 1014 1031
1031 1014 1030
987 986 1030
1030 986 1031
1032 1033 1034
1034 1033 1035
1033 982 1035
1035 982 985
985 972 1035
1035 972 1034
1036 107 1037
1037 107 1038
982 1033 1038
1038 1033 1037
1033 1032 1037
1037 1032 1036
107 106 1038
1038 106 1039
106 105 1039
1039 105 983
983 982 1039
1039 982 1038
1032 1040 1041
1041 1040 1042
1040 975 1042
1042 975 1043
1043 1044 1042
1042 1044 1041
1032 1034 1040
1040 1034 1045
972 977 1034
1034 977 1045
977 975 1045
1045 975 1040
1023 1046 1047
1047 1046 1048
1046 1032 1048
1048 1032 1041
1044 1047 1041
1041 1047 1048
1032 1046 1049
1049 1046 1050
1046 1023 1050
1050 1023 1026
1026 1018 1050
1050 1018 1049
107 1051 114
114 1051 1052
1051 1018 1052
1052 1018 1016
65 114 1016
1016 114 1052
107 1036 1051
1051 1036 1053
1036 1032 1053
1053 1032 1049
1018 1051 1049
1049 1051 1053
1000 1054 1005
1005 1054 1055
964 969 1054
1054 969 1055
969 968 1055
1055 968 1005
1000 1056 1057
1057 1056 1058
1059 1060 1056
1056 1060 1058
1060 1061 1058
1058 1061 1057
1061 1062 1057
1057 1062 1063
1044 1064 1062
1062 1064 1063
1000 1057 1064
1064 1057 1063
1061 1065 1062
1062 1065 1066
1065 1067 1066
1066 1067 1068
1044 1062 1068
1068 1062 1066
964 1069 974
974 1069 1070
1069 1044 1070
1070 1044 1043
1043 975 1070
1070 975 974
1069 964 1071
1071 964 1054
1000 1064 1054
1054 1064 1071
1044 1069 1064
1064 1069 1071
1028 1025 1072
1072 1025 1073
1000 998 1073
1073 998 1072
987 1028 998
998 1028 1072
1025 1074 1073
1073 1074 1075
1076 1077 1074
1074 1077 1075
1077 1000 1075
1075 1000 1073
1077 1076 1078
1078 1076 1079
1059 1056 1079
1079 1056 1078
1000 1077 1056
1056 1077 1078
1023 1080 1024
1024 1080 1081
1082 1083 1080
1080 1083 1081
1025 1024 1083
1083 1024 1081
1074 1025 1084
1084 1025 1083
1082 1085 1083
1083 1085 1084
1076 1074 1085
1085 1074 1084
1044 1068 1086
1086 1068 1087
1068 1067 1087
1087 1067 1088
1089 1086 1088
1088 1086 1087
1090 1082 1091
1091 1082 1092
1044 1086 1092
1092 1086 1091
1089 1090 1086
1086 1090 1091
1044 1092 1047
1047 1092 1093
1082 1080 1092
1092 1080 1093
1023 1047 1080
1080 1047 1093
1060 1059 1094
1094 1059 1095
1096 1097 1095
1095 1097 1094
1061 1060 1097
1097 1060 1094
1096 1098 1097
1097 1098 1099
1098 1100 1099
1099 1100 1101
1061 1097 1101
1101 1097 1099
1065 1061 1102
1102 1061 1101
1100 1103 1101
1101 1103 1102
1103 1067 1102
1102 1067 1065
1104 1105 1106
1106 1105 1107
1107 1108 1106
1106 1108 1109
1076 1104 1109
1109 1104 1106
1108 1110 1109
1109 1110 1111
1110 1059 1111
1111 1059 1079
1076 1109 1079
1079 1109 1111
1082 1112 1113
1113 1112 1114
1115 1116 1112
1112 1116 1114
1116 1117 1114
1114 1117 1113
1117 1116 1118
1118 1116 1119
1116 1115 1119
1119 1115 1120
1121 1118 1120
1120 1118 1119
1122 1117 1123
1123 1117 1118
1121 1124 1118
1118 1124 1123
1124 1105 1123
1123 1105 1122
1082 1125 1085
1085 1125 1126
1105 1104 1125
1125 1104 1126
1104 1076 1126
1126 1076 1085
1082 1113 1125
1125 1113 1127
1113 1117 1127
1127 1117 1122
1105 1125 1122
1122 1125 1127
1128 1089 1129
1129 1089 1088
1088 1067 1129
1129 1067 1103
1100 1128 1103
1103 1128 1129
1128 1100 1130
1130 1100 1131
1132 1133 1131
1131 1133 1130
1089 1128 1133
1133 1128 1130
1115 1134 1135
1135 1134 1136
1089 1133 1134
1134 1133 1136
1133 1132 1136
1136 1132 1135
1082 1090 1112
1112 1090 1137
1090 1089 1137
1137 1089 1134
1115 1112 1134
1134 1112 1137
1138 1139 1140
1140 1139 1141
1139 1096 1141
1141 1096 1095
1059 1140 1095
1095 1140 1141
1139 1138 1142
1142 1138 1143
1144 1145 1143
1143 1145 1142
1096 1139 1145
1145 1139 1142
1146 1147 1148
1148 1147 1149
1147 1144 1149
1149 1144 1143
1138 1148 1143
1143 1148 1149
1146 1150 1147
1147 1150 1151
1150 1152 1151
1151 1152 1153
1144 1147 1153
1153 1147 1151
1144 1153 1154
1154 1153 1155
1153 1152 1155
1155 1152 1156
1157 1154 1156
1156 1154 1155
1098 1096 1158
1158 1096 1159
1160 1161 1159
1159 1161 1158
1100 1098 1161
1161 1098 1158
1144 1162 1145
1145 1162 1163
1160 1159 1162
1162 1159 1163
1096 1145 1159
1159 1145 1163
1144 1154 1162
1162 1154 1164
1157 1165 1154
1154 1165 1164
1165 1160 1164
1164 1160 1162
1107 1105 1166
1166 1105 1167
1168 1169 1167
1167 1169 1166
1169 1108 1166
1166 1108 1107
1105 1170 1167
1167 1170 1171
1170 1172 1171
1171 1172 1173
1173 1168 1171
1171 1168 1167
1173 1172 1174
1174 1172 1175
1176 1177 1175
1175 1177 1174
1168 1173 1177
1177 1173 1174
1178 1168 1179
1179 1168 1180
1146 1148 1180
1180 1148 1179
1138 1178 1148
1148 1178 1179
1176 1181 1177
1177 1181 1182
1181 1146 1182
1182 1146 1180
1168 1177 1180
1180 1177 1182
1110 1108 1183
1183 1108 1184
1138 1140 1184
1184 1140 1183
1059 1110 1140
1140 1110 1183
1108 1169 1184
1184 1169 1185
1169 1168 1185
1185 1168 1178
1178 1138 1185
1185 1138 1184
1115 1186 1120
1120 1186 1187
1188 1189 1186
1186 1189 1187
1189 1121 1187
1187 1121 1120
1115 1190 1186
1186 1190 1191
1190 1192 1191
1191 1192 1193
1193 1188 1191
1191 1188 1186
1194 1172 1195
1195 1172 1196
1121 1189 1196
1196 1189 1195
1189 1188 1195
1195 1188 1194
1105 1124 1170
1170 1124 1197
1124 1121 1197
1197 1121 1196
1172 1170 1196
1196 1170 1197
1198 1199 1200
1200 1199 1201
1199 1160 1201
1201 1160 1165
1157 1200 1165
1165 1200 1201
1100 1202 1131
1131 1202 1203
1198 1204 1202
1202 1204 1203
1204 1132 1203
1203 1132 1131
1100 1161 1202
1202 1161 1205
1161 1160 1205
1205 1160 1199
1198 1202 1199
1199 1202 1205
1206 1207 1208
1208 1207 1209
1198 1200 1209
1209 1200 1208
1157 1206 1200
1200 1206 1208
1192 1210 1211
1211 1210 1212
1198 1209 1210
1210 1209 1212
1207 1211 1209
1209 1211 1212
1115 1213 1190
1190 1213 1214
1213 1198 1214
1214 1198 1210
1192 1190 1210
1210 1190 1214
1213 1115 1215
1215 1115 1135
1132 1204 1135
1135 1204 1215
1198 1213 1204
1204 1213 1215
1150 1146 1216
1216 1146 1217
1218 1219 1217
1217 1219 1216
1219 1152 1216
1216 1152 1150
1220 1218 1221
1221 1218 1217
1146 1222 1217
1217 1222 1221
1223 1220 1222
1222 1220 1221
1218 1224 1219
1219 1224 1225
1157 1156 1224
1224 1156 1225
1156 1152 1225
1225 1152 1219
1224 1218 1226
1226 1218 1227
1227 1228 1226
1226 1228 1229
1157 1224 1229
1229 1224 1226
1230 1231 1232
1232 1231 1233
1231 1234 1233
1233 1234 1235
1176 1232 1235
1235 1232 1233
1231 1230 1236
1236 1230 1237
1238 1239 1237
1237 1239 1236
1234 1231 1239
1239 1231 1236
1223 1240 1241
1241 1240 1242
1234 1239 1240
1240 1239 1242
1239 1238 1242
1242 1238 1241
1223 1222 1240
1240 1222 1243
1146 1244 1222
1222 1244 1243
1244 1234 1243
1243 1234 1240
1146 1181 1244
1244 1181 1245
1181 1176 1245
1245 1176 1235
1234 1244 1235
1235 1244 1245
1246 1188 1247
1247 1188 1193
1193 1192 1247
1247 1192 1248
1249 1246 1248
1248 1246 1247
1250 1249 1251
1251 1249 1248
1192 1252 1248
1248 1252 1251
1253 1250 1252
1252 1250 1251
1230 1232 1254
1254 1232 1255
1176 1256 1232
1232 1256 1255
1256 1249 1255
1255 1249 1254
1256 1176 1257
1257 1176 1258
1188 1246 1258
1258 1246 1257
1249 1256 1246
1246 1256 1257
1176 1175 1258
1258 1175 1259
1172 1194 1175
1175 1194 1259
1194 1188 1259
1259 1188 1258
1207 1260 1261
1261 1260 1262
1260 1228 1262
1262 1228 1263
1263 1264 1262
1262 1264 1261
1260 1207 1265
1265 1207 1206
1206 1157 1265
1265 1157 1229
1228 1260 1229
1229 1260 1265
1253 1252 1266
1266 1252 1267
1192 1268 1252
1252 1268 1267
1268 1264 1267
1267 1264 1266
1268 1192 1269
1269 1192 1211
1211 1207 1269
1269 1207 1261
1264 1268 1261
1261 1268 1269
1220 1223 1270
1270 1223 1271
1271 1272 1270
1270 1272 1273
1218 1220 1273
1273 1220 1270
1274 1275 1276
1276 1275 1277
1223 1278 1275
1275 1278 1277
1279 1276 1278
1278 1276 1277
1274 1280 1275
1275 1280 1281
1280 1272 1281
1281 1272 1271
1223 1275 1271
1271 1275 1281
1280 1274 1282
1282 1274 1283
1284 1285 1283
1283 1285 1282
1272 1280 1285
1285 1280 1282
1274 1286 1283
1283 1286 1287
1286 1288 1287
1287 1288 1289
1284 1283 1289
1289 1283 1287
1272 1290 1273
1273 1290 1291
1290 1228 1291
1291 1228 1227
1218 1273 1227
1227 1273 1291
1290 1272 1292
1292 1272 1285
1285 1284 1292
1292 1284 1293
1228 1290 1293
1293 1290 1292
1294 1295 1296
1296 1295 1297
1230 1298 1295
1295 1298 1297
1298 1299 1297
1297 1299 1296
1294 1300 1295
1295 1300 1301
1300 1238 1301
1301 1238 1237
1230 1295 1237
1237 1295 1301
1302 1303 1304
1304 1303 1305
1299 1306 1305
1305 1306 1304
1307 1302 1306
1306 1302 1304
1303 1308 1305
1305 1308 1309
1308 1294 1309
1309 1294 1296
1299 1305 1296
1296 1305 1309
1279 1310 1311
1311 1310 1312
1294 1308 1310
1310 1308 1312
1303 1311 1308
1308 1311 1312
1279 1278 1310
1310 1278 1313
1223 1314 1278
1278 1314 1313
1314 1294 1313
1313 1294 1310
1314 1223 1315
1315 1223 1241
1238 1300 1241
1241 1300 1315
1294 1314 1300
1300 1314 1315
1316 1299 1317
1317 1299 1318
1253 1319 1318
1318 1319 1317
1320 1316 1319
1319 1316 1317
1250 1253 1321
1321 1253 1318
1299 1322 1318
1318 1322 1321
1249 1250 1322
1322 1250 1321
1323 1324 1325
1325 1324 1326
1320 1327 1324
1324 1327 1326
1327 1328 1326
1326 1328 1325
1329 1299 1330
1330 1299 1316
1316 1320 1330
1330 1320 1324
1323 1329 1324
1324 1329 1330
1331 1307 1332
1332 1307 1306
1299 1329 1306
1306 1329 1332
1329 1323 1332
1332 1323 1331
1249 1322 1254
1254 1322 1333
1299 1298 1322
1322 1298 1333
1298 1230 1333
1333 1230 1254
1264 1334 1335
1335 1334 1336
1334 1284 1336
1336 1284 1337
1337 1338 1336
1336 1338 1335
1334 1264 1339
1339 1264 1263
1263 1228 1339
1339 1228 1293
1284 1334 1293
1293 1334 1339
1338 1340 1341
1341 1340 1342
1288 1343 1340
1340 1343 1342
1344 1341 1343
1343 1341 1342
1338 1337 1340
1340 1337 1345
1337 1284 1345
1345 1284 1289
1289 1288 1345
1345 1288 1340
1320 1346 1327
1327 1346 1347
1346 1344 1347
1347 1344 1348
1328 1327 1348
1348 1327 1347
1346 1320 1349
1349 1320 1350
1350 1338 1349
1349 1338 1341
1344 1346 1341
1341 1346 1349
1253 1351 1319
1319 1351 1352
1351 1338 1352
1352 1338 1350
1350 1320 1352
1352 1320 1319
1351 1253 1353
1353 1253 1266
1266 1264 1353
1353 1264 1335
1338 1351 1335
1335 1351 1353
383 408 1354
1354 408 1355
412 1356 408
408 1356 1355
1356 1357 1355
1355 1357 1354
1286 1274 1358
1358 1274 1359
1359 1360 1358
1358 1360 1361
1288 1286 1361
1361 1286 1358
1357 1362 1354
1354 1362 1363
1362 1360 1363
1363 1360 1364
383 1354 1364
1364 1354 1363
1362 1357 1365
1365 1357 1366
1366 1288 1365
1365 1288 1361
1360 1362 1361
1361 1362 1365
1279 1367 1276
1276 1367 1368
1367 1360 1368
1368 1360 1359
1359 1274 1368
1368 1274 1276
1369 1370 1371
1371 1370 1372
1360 1367 1370
1370 1367 1372
1367 1279 1372
1372 1279 1371
1369 1373 1370
1370 1373 1374
383 1364 1373
1373 1364 1374
1364 1360 1374
1374 1360 1370
385 384 1375
1375 384 1376
383 1373 384
384 1373 1376
1373 1369 1376
1376 1369 1375
1377 1378 1379
1379 1378 1380
804 813 1378
1378 813 1380
544 1379 813
813 1379 1380
1377 1381 1378
1378 1381 1382
1381 1383 1382
1382 1383 1384
804 1378 1384
1384 1378 1382
1385 1328 1386
1386 1328 1348
1344 1387 1348
1348 1387 1386
1377 1385 1387
1387 1385 1386
1377 1387 1381
1381 1387 1388
1344 1389 1387
1387 1389 1388
1389 1383 1388
1388 1383 1381
1383 1390 1391
1391 1390 1392
1390 1288 1392
1392 1288 1366
1366 1357 1392
1392 1357 1391
1390 1383 1393
1393 1383 1389
1389 1344 1393
1393 1344 1343
1288 1390 1343
1343 1390 1393
804 1394 801
801 1394 1395
1394 1357 1395
1395 1357 1356
1356 412 1395
1395 412 801
804 1384 1394
1394 1384 1396
1384 1383 1396
1396 1383 1391
1357 1394 1391
1391 1394 1396
1397 1398 1399
1399 1398 1400
541 563 1400
1400 563 1399
562 1397 563
563 1397 1399
541 1400 1401
1401 1400 1402
1398 1403 1400
1400 1403 1402
1403 1404 1402
1402 1404 1401
1331 1323 1405
1405 1323 1406
1404 1407 1406
1406 1407 1405
1407 1307 1405
1405 1307 1331
1323 1408 1406
1406 1408 1409
541 1401 1408
1408 1401 1409
1401 1404 1409
1409 1404 1406
1323 1410 1408
1408 1410 1411
1410 1377 1411
1411 1377 1412
541 1408 1412
1412 1408 1411
1323 1325 1410
1410 1325 1413
1325 1328 1413
1413 1328 1385
1377 1410 1385
1385 1410 1413
541 1412 543
543 1412 1414
1412 1377 1414
1414 1377 1379
544 543 1379
1379 543 1414
1398 1415 1416
1416 1415 1417
1369 1418 1415
1415 1418 1417
1418 1419 1417
1417 1419 1416
1420 629 1421
1421 629 1422
1369 1415 1422
1422 1415 1421
1415 1398 1421
1421 1398 1420
629 633 1422
1422 633 1423
385 1375 633
633 1375 1423
1375 1369 1423
1423 1369 1422
1311 1303 1424
1424 1303 1425
1425 1419 1424
1424 1419 1426
1279 1311 1426
1426 1311 1424
1419 1418 1426
1426 1418 1427
1418 1369 1427
1427 1369 1371
1371 1279 1427
1427 1279 1426
1307 1428 1302
1302 1428 1429
1428 1419 1429
1429 1419 1425
1303 1302 1425
1425 1302 1429
1428 1307 1430
1430 1307 1407
1404 1431 1407
1407 1431 1430
1419 1428 1431
1431 1428 1430
630 629 1432
1432 629 1420
1420 1398 1432
1432 1398 1397
562 630 1397
1397 630 1432
1431 1404 1433
1433 1404 1403
1403 1398 1433
1433 1398 1416
1419 1431 1416
1416 1431 1433
