733
28.445833 -43.694948 -12.172479
32.172436 -43.471622 -8.969439
25.022733 -48.477704 -4.066416
29.082020 -46.950800 -2.165521
34.664520 -42.401230 -5.149248
32.180842 -44.810671 0.101513
31.352951 -45.613817 6.402426
28.051881 -48.110526 5.999181
23.881700 -50.071960 5.660861
34.956735 -40.240112 7.095820
35.092583 -38.265358 4.154378
36.344581 -37.097550 1.856758
33.422681 -43.605950 15.328719
35.443996 -37.633551 11.573215
32.172436 -43.471622 20.967803
28.445832 -43.694948 23.494202
29.082020 -46.950800 14.163883
25.022733 -48.477704 15.388137
53.548559 -8.621385 -12.172479
54.835488 -17.957651 -8.969439
47.843392 -16.592649 -17.036118
49.684792 -23.756282 -13.051790
55.361832 -22.322556 0.101513
48.738696 -28.747733 -8.299704
43.771339 -33.566615 -9.349856
43.503960 -30.714637 -14.412573
40.997195 -26.158165 -18.657331
40.475314 -33.820299 -0.186546
42.080777 -32.231665 1.253604
45.549281 -30.023186 2.996198
37.978535 -35.287562 1.253604
38.803983 -38.385497 -8.299704
37.323129 -37.672991 -13.051790
34.150997 -35.723684 -17.036118
56.971655 -3.838625 15.388137
53.548559 -8.621384 23.494201
57.925902 -14.478474 14.163883
54.835484 -17.957651 20.967801
55.361832 -22.322556 12.703339
56.189724 -21.519409 6.402426
58.956039 -13.318749 5.999181
58.112689 -2.244373 5.660861
46.714145 -29.281410 7.117642
45.701066 -30.020491 11.141645
57.925902 -14.478474 -2.165521
56.971655 -3.838626 -4.066416
34.150997 -35.723684 28.357842
37.323129 -37.672991 25.050153
38.803983 -38.385497 21.104555
43.771336 -33.566615 22.154706
43.503960 -30.714637 26.410935
40.997194 -26.158165 29.979054
38.505918 -35.682034 13.417158
39.233030 -32.943120 12.648716
42.608913 -34.818853 17.949504
48.738693 -28.747731 21.104555
42.223155 -32.880341 13.389519
47.843392 -16.592649 28.357840
49.684792 -23.756280 25.050151
35.063291 -31.447021 4.036041
34.308566 -31.801101 5.549791
34.056992 -31.919127 7.366291
31.698775 -20.389429 3.532588
30.745667 -20.621593 5.259428
33.731902 -27.373553 4.024000
32.944109 -27.633135 5.543658
30.427965 -20.698981 7.331634
32.681511 -27.719664 7.367248
34.570822 -31.458506 10.161669
34.150629 -30.174728 10.128303
31.373844 -21.123934 10.380775
40.989665 -28.654488 4.480213
39.340058 -29.440566 3.127791
37.830609 -30.148726 2.825041
39.960935 -25.380408 4.516793
39.246199 -19.151939 4.283106
38.196070 -25.902580 3.112205
37.099718 -19.073839 2.496485
35.193503 -19.538163 2.151117
36.620481 -26.421745 2.808273
33.287288 -20.002490 2.496485
35.044893 -26.940913 3.112205
36.321164 -30.856887 3.127791
40.975291 -28.673392 9.939667
41.604227 -28.378325 7.366291
39.959039 -18.377349 7.331634
40.559450 -25.123828 7.367248
39.242140 -19.107563 10.387492
39.961539 -25.383471 10.217957
36.321162 -30.856885 11.604791
37.830609 -30.148726 11.907543
35.044893 -26.940911 11.622292
33.287288 -20.002490 12.166784
35.193503 -19.538163 12.512150
36.620481 -26.421745 11.926224
37.099718 -19.073839 12.166782
38.196070 -25.902578 11.622292
39.340058 -29.440566 11.604792
29.358933 -10.181915 3.015921
28.201273 -10.445834 4.972628
27.452533 -9.054005 7.319658
26.909485 -0.185563 2.810539
25.672986 -0.579905 4.875544
24.921686 0.656702 7.358376
26.362938 -1.036362 11.178491
28.780103 -10.313874 10.647077
38.375892 -7.207743 3.493152
35.919008 -8.686377 1.841897
33.603687 -9.214214 1.450556
36.656595 3.185031 3.345311
33.916311 2.049044 1.571535
31.443314 1.260359 1.158534
28.970316 0.471674 1.571535
31.288367 -9.742051 1.841897
39.324676 -6.323385 7.319709
38.375453 -7.203383 11.144870
37.699832 3.598480 7.352172
36.659631 3.175211 11.357533
31.288367 -9.742051 12.799453
33.603687 -9.214214 13.190794
28.970316 0.471674 13.135565
31.443314 1.260359 13.548566
33.916311 2.049044 13.135565
35.858091 -7.714078 12.859259
24.454915 6.696633 2.885272
23.274534 6.137529 4.941820
22.881075 5.951162 7.409678
21.966681 11.166131 2.996980
18.487699 15.717584 3.110469
20.861664 10.465996 5.030724
17.468061 14.856489 5.131139
17.128182 14.569457 7.555942
20.493325 10.232617 7.471217
23.756888 6.425478 11.238936
21.332985 10.766871 11.258282
17.882454 15.249591 11.317781
33.786206 11.155835 3.609350
31.143733 9.864885 1.651343
28.782974 8.746678 1.240034
26.613614 22.475460 3.826092
24.265645 20.597121 1.898068
30.681621 16.771428 3.717963
28.228444 15.133562 1.776733
22.226370 18.874932 1.493934
26.018410 13.733293 1.369984
20.187095 17.152740 1.898068
23.808376 12.333022 1.776733
26.422214 7.628472 1.651343
34.684875 11.542196 7.409678
33.792773 11.142921 11.209788
27.324559 23.180406 7.555942
31.543495 17.233968 7.471217
26.642511 22.439835 11.282317
30.694795 16.750655 11.225696
26.422214 7.628472 13.168012
28.782974 8.746679 13.579322
20.187095 17.152740 13.213815
23.808376 12.333024 13.165701
22.226370 18.874932 13.617949
26.018410 13.733293 13.572450
24.265645 20.597121 13.213815
28.228444 15.133563 13.165701
31.143734 9.864886 13.168012
13.736481 20.487733 3.190036
12.797481 19.448520 5.225441
5.583811 27.368461 3.236440
4.769395 26.051265 5.337549
4.497922 25.611141 7.858068
12.484481 19.102117 7.667927
-4.896423 34.524990 2.697301
-4.577653 33.005306 5.401115
-6.562336 33.734865 8.130074
-5.296202 34.232530 12.300456
6.802975 25.533476 11.838390
13.421225 19.673779 11.433625
19.057475 26.376596 1.968793
21.328942 28.563135 3.920877
16.130558 33.914539 3.977188
10.198838 34.826212 1.970188
8.570005 32.194449 1.551821
17.179477 24.298174 1.561712
-1.743294 50.060456 3.594181
-2.344087 45.022577 1.234478
8.886442 40.569361 4.295172
-2.790861 41.134601 0.648206
-4.233287 37.951016 1.535811
6.941172 29.562363 1.974217
15.301479 22.219752 1.968793
15.755254 35.804692 7.793818
21.874473 29.494231 7.667927
16.330447 33.718399 11.561512
21.415186 28.469818 11.406511
-1.610103 49.866196 12.562173
-0.123822 50.456743 8.069729
8.886442 40.566620 11.545624
9.528920 41.741050 7.920260
15.301479 22.219752 13.367061
6.941172 29.556962 13.741302
8.570005 32.189569 14.163286
17.179477 24.298174 13.774142
-4.872334 38.654273 14.389447
1.131635 38.380803 14.596610
-1.325741 44.596245 14.655252
7.215998 37.515065 13.888651
13.181678 32.129932 13.600365
19.057475 26.376596 13.367061
9.162967 91.638887 46.395124
14.091323 90.664212 46.006977
9.556065 92.045272 27.488381
14.313215 91.056925 27.219979
14.425753 91.245647 4.706690
9.750776 92.216043 4.808332
4.110301 93.071570 4.858154
3.868210 92.916881 27.594335
3.378202 92.521204 46.540748
14.459074 91.241969 -17.802474
14.443321 91.057506 -36.577089
9.807401 92.168038 -17.872160
9.786246 91.918073 -36.780234
4.162259 92.724914 -36.834792
4.182359 93.002009 -17.880615
-1.480060 93.360355 -36.727593
-6.192114 93.706745 -36.445487
-1.464841 93.628292 -17.813060
-6.182982 93.931296 -17.654722
-6.210178 93.983874 4.866038
-1.519729 93.698534 4.872110
-6.303635 93.856775 27.384604
-6.493276 93.542309 46.168784
-1.704558 93.557830 27.554386
-2.079159 93.192942 46.460232
12.121874 -40.434156 -16.653869
7.515845 -39.459050 -18.571393
16.068309 -24.442715 -22.828470
10.705400 -21.018160 -25.540508
14.530458 1.052573 -28.102576
20.803066 -5.276321 -24.982283
28.241734 -12.528249 -22.997661
22.467561 -28.464509 -21.074019
17.655550 -41.749586 -15.374803
21.527817 41.233291 -18.832858
29.477357 29.749146 -16.758456
18.349676 23.002977 -25.718429
25.535488 13.841940 -22.899638
38.826193 16.660000 -15.400950
34.015323 3.395979 -21.091811
47.531025 3.393827 -14.094305
42.035764 -7.145390 -19.426715
35.441447 -19.792450 -21.204185
23.351869 -42.978726 -14.094305
28.847132 -32.439510 -19.426715
47.531025 3.393829 25.010042
50.828183 9.717359 16.122690
51.927237 11.825201 5.457869
42.673611 27.264120 5.331647
41.710635 24.606656 16.631938
38.823521 16.644464 26.060595
50.828183 9.717358 -5.206953
41.712208 24.615639 -5.969556
31.840454 39.282385 -6.736651
23.429642 52.143754 -7.890664
24.057537 55.746551 5.075282
32.625735 42.446523 5.223638
23.413891 52.053876 18.032105
21.501091 41.077917 28.946927
31.834154 39.246437 17.180278
29.466666 29.687002 27.191133
10.692454 -21.111801 35.576478
7.511929 -39.496724 28.625912
16.063130 -24.480172 33.229909
12.120308 -40.449223 27.062727
17.655158 -41.753355 26.028493
22.466266 -28.473873 31.725856
28.239467 -12.543115 33.649195
20.793995 -5.335787 35.382515
14.507781 0.903907 38.135536
23.351869 -42.978730 25.010042
28.847132 -32.439510 30.342453
35.441447 -19.792450 32.119924
42.035762 -7.145389 30.342453
34.012508 3.378770 31.746895
18.321523 22.830871 35.786877
25.524227 13.773100 33.314070
20.054712 -49.302256 -5.206953
18.955659 -51.410101 5.457869
13.806106 -52.377296 5.327587
14.768445 -49.720266 -5.953930
20.054711 -49.302256 16.122690
14.768391 -49.721411 16.608733
5.602591 -50.531339 17.800048
9.754206 -50.032119 17.087455
4.965855 -54.208212 5.034680
8.965388 -53.225884 5.207397
5.603134 -50.519924 -7.734398
9.754423 -50.027553 -6.674145
-0.822195 -62.375299 -15.060986
-0.344291 -58.197770 -31.083325
-0.002096 -57.900016 -13.432551
0.984292 -49.590356 -28.491130
2.664389 -41.923429 -25.365754
1.192549 -53.701759 -11.544505
0.703361 -57.628735 4.395579
-0.327634 -60.662195 4.032728
-0.976626 -63.751378 3.709779
4.602462 -39.250897 -21.767266
2.905067 -51.493194 -9.501487
2.339850 -55.576618 4.746817
2.903982 -51.516021 18.987702
4.594630 -39.326253 31.231219
2.657490 -42.007676 34.112109
1.192962 -53.724123 20.324462
0.989589 -49.610871 36.502034
-0.325616 -58.140859 38.447585
0.004113 -57.893587 21.484368
-0.810223 -62.336433 22.466719
0.474561 -51.175059 48.890128
2.625227 -35.830729 46.665380
5.093088 -22.499169 43.628478
8.479078 8.577607 50.824397
3.812881 -23.283743 53.296817
0.937989 -44.820918 55.221768
7.408968 -19.022163 39.487422
10.783567 5.250341 42.723898
14.154998 29.345359 39.908226
16.967420 49.373691 31.873253
15.271615 57.366621 35.260413
12.833174 38.206923 44.545345
17.241824 77.794772 41.055479
16.406487 70.896049 51.789827
15.819636 67.849004 38.398719
14.164575 54.305937 48.565467
15.224393 64.874984 58.056265
12.302231 42.331163 54.929511
10.999166 63.906497 63.301085
8.363944 39.551300 61.852547
13.660659 63.246722 61.547513
10.667103 38.799263 59.184662
5.101792 10.646961 60.660143
7.062584 9.852618 57.435971
1.774106 -18.044835 60.483584
-1.076476 -42.008884 60.792449
3.454402 -18.700494 57.718734
0.412345 -42.460333 58.869942
17.845236 82.515875 -15.745955
17.386026 78.639431 -32.574701
18.476208 86.495953 -16.798364
18.308047 84.998061 -34.443305
18.357593 88.562756 -35.586562
18.391071 88.933131 -17.394649
18.377087 88.929313 4.357725
18.504815 86.839292 4.225695
17.969043 83.642229 4.196228
17.184894 90.260812 -36.238510
17.186162 90.339398 -17.686326
17.159294 90.274083 4.537272
16.979452 89.715439 45.359920
17.093866 90.065794 26.772587
18.210728 87.863140 44.381186
18.316639 88.567315 26.129892
18.168520 84.177869 42.998000
18.400157 86.056964 25.275580
17.765291 82.056011 24.160491
0.458491 -42.432773 -51.811837
-0.957196 -41.978146 -53.862278
3.510390 -18.412814 -50.055201
1.859951 -17.730705 -52.983960
5.225813 11.286828 -52.541520
7.164912 10.466471 -49.170328
8.556625 9.082253 -42.195939
3.845417 -23.062656 -45.464816
0.942933 -44.816856 -48.027361
11.444349 65.034520 -54.290051
13.952938 64.444053 -52.667391
8.606798 40.496942 -53.228398
10.852316 39.759142 -50.544091
15.438872 66.063569 -49.326610
12.457292 43.259202 -46.274814
15.941303 68.559574 -29.746699
16.583570 71.975347 -43.198649
14.306707 55.172512 -39.909348
15.358158 57.870551 -26.228728
12.927828 38.784994 -35.608435
17.020874 49.684442 -22.290200
14.211304 29.689572 -30.416411
10.828921 5.547674 -33.303065
7.434859 -18.834879 -30.060571
5.122740 -22.273974 -34.938133
0.459711 -51.208407 -41.594988
2.635091 -35.716538 -38.722672
-12.042048 -66.558105 -18.852815
-12.028820 -66.199131 -37.224293
-10.251519 -67.331213 -18.959346
-10.231439 -66.949295 -37.372641
-8.060511 -67.582721 -37.362848
-8.086795 -67.960994 -18.961886
-8.124745 -68.077292 3.114530
-10.280949 -67.466009 3.132229
-12.058089 -66.711666 3.179719
-5.862358 -68.020628 -37.135667
-3.983315 -68.184283 -36.631863
-5.891381 -68.368486 -18.827474
-4.008773 -68.474744 -18.523131
-4.026901 -68.559178 3.160511
-5.922894 -68.470785 3.124579
-4.049041 -68.431298 24.844263
-4.086538 -68.084815 42.953316
-5.979419 -68.316309 25.078571
-6.083475 -67.893849 43.392592
-8.353004 -67.473226 43.601692
-8.203702 -67.918943 25.193394
-10.458540 -66.967827 43.642631
-12.144473 -66.397320 43.579262
-10.342399 -67.347075 25.225187
-12.088407 -66.658507 25.211138
7.231681 65.752707 -55.263645
13.179908 80.034463 -54.971923
8.698290 80.724866 -55.536395
2.163184 66.615531 -55.508303
3.305503 81.508182 -55.686598
3.901528 89.288159 -53.882806
9.461598 88.529651 -53.786451
14.079371 87.817351 -53.446617
-2.912897 67.639907 -54.944145
-7.148314 68.842751 -53.491295
-2.095216 82.321291 -55.384582
-6.600626 83.101088 -54.592384
-6.315266 90.528248 -53.277384
-1.668277 89.988983 -53.718760
-6.207652 93.317931 -47.774061
-1.505548 92.907962 -48.097960
4.127880 92.257012 -48.217195
14.408631 90.703826 -47.886737
9.747613 91.483003 -48.143031
-11.860441 27.324214 -4.065804
-10.907743 31.630271 3.764728
-12.125901 23.648673 1.352478
-12.214421 22.349771 7.582347
-11.021277 30.717556 7.969278
-12.125861 23.414165 13.875658
-11.860101 26.828512 19.484264
-10.567040 34.009851 15.873422
-10.044612 59.062461 -1.503328
-10.364359 49.214926 -7.864155
-10.889374 40.976299 -9.448644
-11.418165 33.389744 -7.924353
-9.580185 61.988509 7.738611
-9.667360 60.440630 14.023811
-6.991188 44.041857 16.251513
-11.417000 32.579468 23.660017
-9.999160 38.210869 18.414540
-10.887715 40.010550 25.405888
-9.318681 43.469374 19.415334
-10.363418 48.465269 23.724832
-13.705720 -46.754804 23.459130
-13.634460 -44.778380 39.807937
-13.584967 -29.243699 21.776556
-13.445271 -25.179073 36.389114
-13.136495 -3.717300 31.587322
-13.340602 -9.246069 19.466186
-13.408467 -10.917992 6.040181
-13.631099 -30.421588 5.115371
-13.728808 -47.254468 4.297206
-12.662345 13.935679 25.337302
-12.895528 9.067446 16.565372
-12.973194 7.571858 6.900911
-12.663023 14.834057 -11.022682
-12.895605 9.482776 -2.635351
-13.136782 -2.514824 -18.846777
-13.340415 -8.688949 -7.220778
-13.443568 -24.018326 -25.678412
-13.630675 -43.829514 -31.013283
-13.583892 -28.688032 -11.425824
-13.703774 -46.278869 -14.814657
-10.381269 77.182115 61.441056
-9.285850 81.060668 62.599026
-9.987474 86.018185 63.128491
-8.485688 87.108363 63.884276
-7.417599 91.248144 62.878018
-9.532411 91.090564 62.276736
-10.366285 89.296170 59.998800
-10.824917 84.867177 60.367573
-11.113992 73.610217 58.015570
-6.809031 93.032778 57.486386
-9.277498 93.078647 56.933970
-9.148310 93.457547 45.681609
-10.504806 92.064765 44.767957
-10.550138 91.297264 55.926921
-11.023313 88.490104 43.197080
-11.163630 81.910447 40.671001
-11.068317 86.257683 54.233294
-11.271900 76.630493 51.486689
-11.018333 88.879625 -33.016003
-11.159090 82.502103 -29.731876
-10.992808 90.055901 -15.599873
-11.174518 81.784116 -12.005766
-11.211588 79.994162 5.943593
-10.985301 90.385528 5.056809
-10.463937 92.758946 4.899857
-10.462699 92.682883 -16.784748
-10.470466 92.322922 -34.953370
-11.176751 81.453320 23.397538
-10.995555 89.864821 25.730355
-10.477022 92.552446 26.588178
-9.070419 93.702373 27.101066
-9.031905 93.814525 4.855777
-9.025321 93.646443 -35.975303
-9.020847 93.795419 -17.390824
-11.266983 77.617752 -40.336668
-11.062135 86.860380 -43.967892
-10.484388 91.677680 -46.093742
-10.173537 89.487697 -50.075896
-10.649943 84.871036 -50.153815
-10.938881 72.833150 -46.933728
-9.033414 93.369020 -47.234225
-9.106882 90.802052 -52.541757
-9.694818 70.240994 -51.069884
-9.307489 83.784475 -53.272057
17.816192 81.230899 54.039671
18.060353 86.832769 55.570941
17.298734 84.273018 59.711523
17.014794 78.758292 60.157208
16.805631 89.223952 56.639571
13.729936 90.055907 57.337257
13.193401 86.921590 62.865414
16.361448 86.212508 62.069394
12.446065 78.950853 64.246033
15.435949 78.302287 63.107229
15.847117 79.500058 -54.031133
16.822295 87.255176 -52.880226
17.604458 85.364391 -50.730570
17.263851 79.976030 -51.297840
17.165912 90.037415 -47.459581
18.275652 87.802224 -46.677357
17.994045 82.316725 -45.355848
-3.502576 -41.382154 61.947115
-1.003681 -17.280623 62.143809
1.824428 11.520812 62.596129
-2.029185 12.599123 63.224054
-4.202741 -15.390221 62.709416
-6.170188 -38.844369 62.332104
4.497503 40.428329 63.454800
6.523793 64.749520 64.354507
1.516923 64.016726 64.613024
0.056207 40.539634 63.950232
-2.739069 59.949077 63.981922
-5.527623 54.104711 62.757928
-3.971526 38.994502 63.297680
-7.158444 38.687135 61.693598
-8.743200 15.861629 60.553532
-5.718722 14.006847 62.524058
-9.555983 -7.974463 60.668207
-9.670268 -24.667139 61.026774
-7.146855 -11.355995 62.190405
-8.383551 -32.659745 61.945593
16.901820 76.480890 -14.085908
17.196332 78.976335 4.324367
17.262395 72.916690 4.553754
16.800670 69.235925 -12.036003
16.832913 76.085754 22.735463
16.750366 68.948395 21.124554
18.664994 61.446147 19.451815
19.242944 65.538350 4.828023
18.696495 61.625911 -9.814018
-8.769349 -39.603579 -55.044815
-11.058560 -38.375701 -53.742966
-7.433671 -14.653514 -54.303690
-10.170216 -12.767950 -51.890156
-9.108763 17.079821 -50.748855
-5.841106 14.796817 -53.847170
-1.928552 13.222989 -55.059208
-4.154707 -16.005918 -55.217582
-6.022077 -40.593388 -55.490693
-8.042911 45.559525 -51.746348
-4.247854 43.679852 -54.246165
0.297956 42.308636 -55.227643
4.835759 41.297218 -54.838986
1.977539 12.129331 -54.564233
-3.267705 -41.374965 -55.092536
-0.875959 -16.980027 -54.741210
-13.509558 -39.907895 -41.435501
-13.210352 -16.387757 -35.473776
-12.797899 7.648502 -27.367900
-12.196667 26.050908 -35.081601
-12.723358 -10.283908 -42.355609
-13.169293 -36.822017 -47.736937
-12.275714 23.659563 -17.240351
-11.814816 34.877378 -19.757333
-10.874825 61.666332 -6.471065
-11.361468 47.405585 -17.042600
-11.416599 62.877475 -18.197054
-11.737798 49.924411 -26.936047
-11.382907 72.375903 -24.669660
-11.599254 62.650447 -34.680063
-11.411552 53.167533 -41.855180
-10.328457 48.096322 -47.579978
-11.080166 20.301016 -45.584999
-12.438752 -36.879899 -51.573217
-11.821712 -10.194360 -47.867598
-11.224462 70.619935 -6.551059
-11.160873 73.080479 6.602727
-10.688148 67.048011 7.233195
-10.875018 61.120572 21.147193
-11.417264 61.870689 31.836823
-11.225313 70.187829 19.865091
-11.385544 71.502706 36.891749
-8.698476 76.960160 62.096952
-10.452375 63.902972 59.166237
-11.442588 55.549717 54.483366
-12.165305 22.631273 50.688773
-10.063488 50.804829 57.924033
-7.634378 69.594624 61.623002
-11.600749 61.086286 47.320712
-11.736199 48.057763 41.118715
-11.359589 45.977602 32.264046
-11.811502 33.039636 35.164009
-12.273381 22.142701 32.195970
-12.795810 5.624195 40.933677
-13.514978 -41.323705 50.480464
-13.211797 -18.252421 46.784425
-13.355596 -40.353860 56.658676
-12.972216 -16.816686 53.626317
-12.845621 -50.845802 60.236288
-12.499682 -45.845758 59.710562
-13.164620 -45.831939 59.524550
-12.814198 -29.224815 57.578631
-11.766804 -37.803648 59.342049
-12.159390 -14.233958 56.610418
-10.781912 -31.083921 60.159731
-11.150071 -8.042146 58.224246
-10.601634 18.281105 57.369874
-9.077305 42.511728 59.334432
-6.515633 61.779119 62.199691
7.411550 79.791961 64.929927
7.845702 87.790515 63.343008
0.912638 88.330000 64.024192
1.816459 78.615819 64.937511
8.511177 90.980061 57.755704
2.562396 91.867838 57.910220
-2.703371 92.590631 57.816126
-3.964349 90.466297 63.153331
-6.249261 85.535370 64.003130
-4.098862 81.002409 63.914397
-2.855157 73.212678 64.047410
-9.556430 -45.470119 61.438505
-10.685454 -52.646548 61.032588
-8.964250 -62.627881 60.755145
-7.637254 -53.179287 62.017918
-11.790597 -57.048461 61.091321
-12.704743 -58.511806 61.174975
-12.410447 -63.785458 59.950134
-11.052776 -63.613551 59.997992
-12.237756 -65.926802 54.621908
-10.652046 -66.321664 54.707664
-8.601999 -66.727454 54.666408
-4.150742 -67.513440 53.912859
-6.257583 -67.192191 54.424727
-3.878666 -64.475667 59.391116
-6.094757 -64.020997 59.977965
-2.907322 -56.729989 61.056307
-5.188012 -56.189970 61.855297
-1.493805 -57.027165 59.726584
-2.492807 -64.627740 58.414878
-1.734494 -63.132165 56.066190
-0.852824 -58.030847 56.646073
-2.813422 -67.488780 53.061044
-2.798794 -67.901233 42.221831
-1.933685 -66.641157 41.226421
-1.856220 -65.690368 51.933562
-1.204667 -63.602670 39.995361
-0.889741 -60.690367 50.594726
-1.397713 -65.364673 23.270813
-1.983334 -67.222980 23.924092
-2.003011 -67.433986 3.320890
-1.467106 -65.970681 3.478247
-2.792061 -68.156018 24.454006
-2.788274 -68.255193 3.220463
-2.769712 -67.994926 -35.792184
-2.782475 -68.200812 -18.015900
-1.943801 -66.736206 -34.610899
-1.990552 -67.272340 -17.288877
-1.227825 -63.691777 -33.082263
-1.411068 -65.414954 -16.325167
-0.915601 -60.795423 -43.735878
-1.860596 -65.823762 -45.350871
-1.707776 -63.276287 -49.467444
-0.853604 -58.141971 -49.866185
-2.745032 -67.639591 -46.645497
-3.939179 -67.694085 -47.590872
-3.600656 -64.695031 -53.005990
-2.398716 -64.801529 -51.943375
-2.692029 -56.877986 -54.483036
-1.421043 -57.147469 -53.053361
-4.740667 -56.399591 -55.340843
-5.515610 -64.329035 -53.643551
-7.779063 -63.778976 -53.917246
-7.172216 -55.754723 -55.666471
-5.813304 -67.438432 -48.158095
-8.016545 -66.955176 -48.415337
-12.006933 -65.636054 -48.272537
-10.198040 -66.326858 -48.430761
-11.893369 -62.428317 -53.617716
-10.026487 -63.120256 -53.888246
-11.605095 -54.135337 -54.880005
-9.591938 -54.985827 -55.499632
-12.816945 -53.245697 -53.847294
-13.015184 -61.778563 -53.166838
-13.404569 -59.418542 -50.933199
-13.441305 -53.072312 -51.048495
-13.092359 -64.965298 -48.008829
-13.106314 -65.410962 -36.977048
-13.624854 -62.680005 -36.171212
-13.604116 -61.986258 -47.131049
-13.745371 -56.101463 -34.347088
-13.691999 -54.370589 -45.130599
-13.777788 -57.225865 -16.951445
-13.637601 -63.162086 -18.137785
-13.643610 -63.421437 3.431015
-13.789304 -57.732165 3.756411
-13.114883 -65.720615 -18.675267
-13.122760 -65.889044 3.259050
-13.155204 -65.781364 43.475434
-13.134633 -65.911027 25.188439
-13.640429 -63.227675 43.021819
-13.644134 -63.446992 24.996957
-13.749850 -56.843964 41.909083
-13.779971 -57.608741 24.476560
-13.698995 -55.426214 52.754061
-13.633750 -62.752430 53.967373
-13.503439 -60.611780 57.891488
-13.558831 -54.915675 58.552098
-13.189163 -65.494843 54.482565
-13.227395 -63.156792 59.756478
-13.260784 -56.872542 60.843819
1466
0 1 2
2 1 3
1 4 3
3 4 5
6 7 5
5 7 3
7 8 3
3 8 2
9 6 10
10 6 5
4 11 5
5 11 10
6 9 12
12 9 13
14 15 16
16 15 17
8 7 17
17 7 16
7 6 16
16 6 12
12 14 16
18 19 20
20 19 21
22 23 19
19 23 21
24 25 23
23 25 21
25 26 21
21 26 20
27 24 28
28 24 23
22 29 23
23 29 28
11 4 30
30 4 31
24 27 31
31 27 30
1 0 32
32 0 33
26 25 33
33 25 32
25 24 32
32 24 31
4 1 31
31 1 32
34 35 36
36 35 37
37 38 36
38 39 36
36 39 40
41 34 40
40 34 36
39 38 42
42 38 43
39 42 22
22 42 29
19 18 44
44 18 45
41 40 45
45 40 44
40 39 44
44 39 22
22 19 44
46 15 47
47 15 14
12 48 14
14 48 47
48 49 47
47 49 50
51 46 50
50 46 47
52 53 54
49 48 54
54 48 52
48 12 52
52 12 13
38 55 43
43 55 56
55 49 56
56 49 54
54 53 56
35 57 37
37 57 58
57 51 58
58 51 50
49 55 50
50 55 58
38 37 55
55 37 58
59 60 11
11 60 10
60 61 10
10 61 9
62 63 64
64 63 65
63 66 65
65 66 67
61 60 67
67 60 65
60 59 65
65 59 64
68 61 69
69 61 67
66 70 67
67 70 69
9 61 13
13 61 68
29 71 28
28 71 72
72 73 28
28 73 27
74 75 76
76 75 77
77 78 76
76 78 79
73 72 79
79 72 76
72 71 76
76 71 74
80 62 81
81 62 64
59 82 64
64 82 81
82 73 81
81 73 79
78 80 79
79 80 81
27 73 30
30 73 82
82 59 30
30 59 11
83 84 43
43 84 42
85 86 87
87 86 88
84 83 86
86 83 88
71 84 74
74 84 86
85 75 86
86 75 74
42 84 29
29 84 71
13 68 52
52 68 89
90 53 89
89 53 52
69 70 91
91 70 92
93 94 92
92 94 91
94 90 91
91 90 89
68 69 89
89 69 91
95 87 96
96 87 88
88 83 96
96 83 97
90 94 97
97 94 96
94 93 96
96 93 95
90 97 53
53 97 56
97 83 56
56 83 43
98 99 62
62 99 63
100 66 99
99 66 63
101 102 98
98 102 99
103 100 102
102 100 99
103 104 100
100 104 105
100 105 66
66 105 70
106 107 75
75 107 77
107 108 77
77 108 78
109 110 106
106 110 107
110 111 107
107 111 108
112 101 113
113 101 98
111 112 108
108 112 113
108 113 78
78 113 80
113 98 80
80 98 62
114 85 115
115 85 87
116 114 117
117 114 115
116 109 114
114 109 106
114 106 85
85 106 75
70 105 92
92 105 118
119 93 118
118 93 92
105 104 118
118 104 120
121 119 120
120 119 118
117 115 122
122 115 123
119 121 123
123 121 122
93 119 95
95 119 123
123 115 95
95 115 87
124 125 101
101 125 102
126 103 125
125 103 102
127 128 129
129 128 130
131 132 130
130 132 129
132 126 129
129 126 125
124 127 125
125 127 129
126 132 133
133 132 134
132 131 134
134 131 135
126 133 103
103 133 104
136 137 109
109 137 110
137 138 110
110 138 111
139 140 141
141 140 142
140 143 142
142 143 144
138 137 144
144 137 142
137 136 142
142 136 141
128 127 145
145 127 146
127 124 146
146 124 147
138 144 147
147 144 146
144 143 146
146 143 145
138 147 111
111 147 112
147 124 112
112 124 101
148 116 149
149 116 117
150 151 152
152 151 153
148 149 151
151 149 153
148 151 136
136 151 141
150 139 151
151 139 141
148 136 116
116 136 109
104 133 120
120 133 154
155 121 154
154 121 120
135 156 134
134 156 157
156 158 157
157 158 159
155 154 159
159 154 157
154 133 157
157 133 134
160 152 161
161 152 153
153 149 161
161 149 162
162 155 161
161 155 159
159 158 161
161 158 160
121 155 122
122 155 162
149 117 162
162 117 122
128 163 130
130 163 164
165 166 163
163 166 164
167 168 166
166 168 164
168 131 164
164 131 130
169 170 165
165 170 166
171 167 170
170 167 166
171 172 167
167 172 173
135 131 174
174 131 168
167 173 168
168 173 174
140 139 175
175 139 176
176 177 175
175 177 178
178 179 175
175 179 180
143 140 180
180 140 175
181 182 183
183 182 178
182 184 178
178 184 179
178 177 183
185 169 186
186 169 165
184 185 179
179 185 186
163 128 187
187 128 145
145 143 187
187 143 180
179 186 180
180 186 187
186 165 187
187 165 163
188 189 190
190 189 191
189 150 191
191 150 152
192 193 194
194 193 195
195 188 194
194 188 190
177 188 183
183 188 195
195 193 183
183 193 181
139 150 176
176 150 189
188 177 189
189 177 176
135 174 156
156 174 196
174 173 196
196 173 197
198 199 197
197 199 196
199 158 196
196 158 156
173 172 197
197 172 200
200 201 197
197 201 198
192 194 202
202 194 203
190 204 194
194 204 203
204 198 203
198 201 203
203 201 202
152 160 191
191 160 205
158 199 160
160 199 205
198 204 199
199 204 205
204 190 205
205 190 191
206 207 208
208 207 209
210 211 209
209 211 208
211 212 208
208 212 213
214 206 213
213 206 208
215 216 217
217 216 218
219 220 218
218 220 217
212 211 220
220 211 217
211 210 217
217 210 215
221 222 223
223 222 224
225 226 224
224 226 223
226 212 223
223 212 220
219 221 220
220 221 223
227 228 229
229 228 230
230 214 229
229 214 213
212 226 213
213 226 229
225 227 226
226 227 229
231 232 233
233 232 234
235 236 234
234 236 233
236 237 233
233 237 238
239 231 238
238 231 233
240 241 242
242 241 243
241 244 243
243 244 245
237 236 245
245 236 243
236 235 243
243 235 242
246 18 247
247 18 20
26 248 20
20 248 247
248 237 247
247 237 245
244 246 245
245 246 247
0 249 33
33 249 250
249 239 250
250 239 238
237 248 238
238 248 250
248 26 250
250 26 33
35 34 251
251 34 252
34 41 252
252 41 253
254 255 253
253 255 252
255 256 252
252 256 251
18 246 45
45 246 257
246 244 257
257 244 258
254 253 258
258 253 257
253 41 257
257 41 45
241 240 259
259 240 260
261 262 260
260 262 259
262 254 259
259 254 258
244 241 258
258 241 259
263 264 265
265 264 266
256 255 266
266 255 265
255 254 265
265 254 262
261 263 262
262 263 265
267 268 269
269 268 270
271 272 270
270 272 269
272 273 269
269 273 274
275 267 274
274 267 269
276 15 277
277 15 46
46 51 277
277 51 278
273 272 278
278 272 277
272 271 277
277 271 276
57 35 279
279 35 251
256 280 251
251 280 279
280 273 279
279 273 278
51 57 278
278 57 279
264 281 266
266 281 282
281 275 282
282 275 274
273 280 274
274 280 282
280 256 282
282 256 266
0 2 249
249 2 283
2 8 283
283 8 284
285 286 284
284 286 283
286 239 283
283 239 249
15 276 17
17 276 287
276 271 287
287 271 288
285 284 288
288 284 287
284 8 287
287 8 17
268 289 270
270 289 290
291 292 289
289 292 290
292 285 290
290 285 288
271 270 288
288 270 290
232 231 293
293 231 294
231 239 294
294 239 286
286 285 294
294 285 292
292 291 294
294 291 293
295 296 297
297 296 298
299 300 298
298 300 297
301 302 300
300 302 297
302 303 297
297 303 295
304 232 305
305 232 293
291 306 293
293 306 305
306 301 305
305 301 300
299 304 300
300 304 305
289 268 307
307 268 308
308 309 307
307 309 310
301 306 310
310 306 307
306 291 307
307 291 289
311 312 313
313 312 314
303 302 314
314 302 313
302 301 313
313 301 310
309 311 310
310 311 313
312 311 315
315 311 316
311 309 316
316 309 317
318 319 317
317 319 316
319 320 316
316 320 315
268 267 308
308 267 321
267 275 321
321 275 322
318 317 322
322 317 321
309 308 317
317 308 321
281 264 323
323 264 324
325 326 324
324 326 323
326 318 323
323 318 322
275 281 322
322 281 323
327 328 329
329 328 330
328 331 330
330 331 332
318 326 332
332 326 330
326 325 330
330 325 329
333 334 335
335 334 336
334 337 336
336 337 338
338 318 336
336 318 332
331 335 332
332 335 336
339 340 341
341 340 342
320 319 342
342 319 341
319 318 341
341 318 338
337 339 338
338 339 341
343 344 345
345 344 346
347 348 346
346 348 345
348 349 345
345 349 350
351 343 350
350 343 345
216 215 352
352 215 353
210 354 215
215 354 353
349 348 354
354 348 353
348 347 353
353 347 352
207 355 209
209 355 356
355 357 356
356 357 358
349 354 358
358 354 356
354 210 356
356 210 209
359 327 360
360 327 361
351 350 361
361 350 360
350 349 360
360 349 358
357 359 358
358 359 360
362 363 364
364 363 365
366 367 365
365 367 364
367 368 364
364 368 369
370 362 369
369 362 364
371 372 373
373 372 374
375 376 372
372 376 374
376 368 374
374 368 367
367 366 374
374 366 373
344 377 378
378 377 379
377 380 379
379 380 381
368 376 381
381 376 379
376 375 379
379 375 378
382 240 383
383 240 242
235 384 242
242 384 383
384 368 383
383 368 381
380 382 381
381 382 383
232 304 234
234 304 385
299 386 304
304 386 385
368 384 386
386 384 385
384 235 385
385 235 234
296 387 298
298 387 388
387 370 388
388 370 369
368 386 369
369 386 388
386 299 388
388 299 298
389 390 391
391 390 392
392 393 391
391 393 394
394 395 391
391 395 396
397 389 396
396 389 391
398 399 400
400 399 401
402 403 401
401 403 400
403 395 400
400 395 394
393 398 394
394 398 400
404 405 406
406 405 407
408 409 407
407 409 406
409 395 406
406 395 403
402 404 403
403 404 406
410 411 412
412 411 413
413 397 412
412 397 396
395 409 396
396 409 412
409 408 412
412 408 410
371 414 415
415 414 416
414 417 416
416 417 418
419 420 418
418 420 416
420 421 416
416 421 415
422 423 424
424 423 425
426 427 425
425 427 424
427 419 424
424 419 418
417 422 418
418 422 424
222 221 428
428 221 429
221 219 429
429 219 430
419 427 430
430 427 429
427 426 429
429 426 428
216 431 218
218 431 432
431 421 432
432 421 420
420 419 432
432 419 430
430 219 432
432 219 218
169 433 434
434 433 435
436 437 435
435 437 434
437 171 434
434 171 170
170 169 434
438 439 440
171 437 172
172 437 440
436 438 437
437 438 440
441 442 181
181 442 182
443 184 442
442 184 182
433 169 444
444 169 185
184 443 185
185 443 444
445 193 446
446 193 192
193 445 181
181 445 441
200 447 201
439 448 440
440 448 449
448 450 449
449 450 451
451 447 449
449 447 200
172 440 200
200 440 449
446 192 452
452 192 202
202 447 451
450 452 451
451 452 202
201 447 202
453 454 455
455 454 456
457 458 456
456 458 455
458 459 455
455 459 460
461 453 460
460 453 455
439 438 462
462 438 463
438 436 463
463 436 464
459 458 464
464 458 463
458 457 463
463 457 462
433 465 435
435 465 466
465 467 466
466 467 468
459 464 468
468 464 466
464 436 466
466 436 435
469 470 471
471 470 472
472 461 471
471 461 460
460 459 471
471 459 468
467 469 468
468 469 471
473 474 475
475 474 476
477 478 476
476 478 475
478 479 475
475 479 480
481 473 480
480 473 475
482 228 483
483 228 484
485 486 484
484 486 483
486 479 483
483 479 478
477 482 478
478 482 483
487 488 489
489 488 490
481 480 490
490 480 489
480 479 489
489 479 486
486 485 489
489 485 487
491 492 493
493 492 494
495 496 494
494 496 493
496 497 493
493 497 498
499 491 498
498 491 493
500 488 501
501 488 487
485 502 487
487 502 501
502 497 501
501 497 496
495 500 496
496 500 501
228 227 484
484 227 503
227 225 503
503 225 504
497 502 504
504 502 503
502 485 503
503 485 484
222 505 224
224 505 506
505 499 506
506 499 498
497 504 498
498 504 506
504 225 506
506 225 224
492 491 507
507 491 508
491 499 508
508 499 509
509 510 508
508 510 511
512 507 511
511 507 508
505 222 513
513 222 428
426 514 428
428 514 513
514 510 513
513 510 509
499 505 509
509 505 513
423 515 425
425 515 516
515 512 516
516 512 511
510 514 511
511 514 516
514 426 516
516 426 425
328 327 517
517 327 359
359 357 517
517 357 518
518 519 517
517 519 520
331 328 520
520 328 517
355 207 521
521 207 522
523 524 522
522 524 521
524 519 521
521 519 518
357 355 518
518 355 521
525 333 526
526 333 335
335 331 526
526 331 520
520 519 526
526 519 524
523 525 524
524 525 526
372 371 527
527 371 415
421 528 415
415 528 527
528 529 527
527 529 530
530 375 527
527 375 372
431 216 531
531 216 352
347 532 352
352 532 531
532 529 531
531 529 528
421 431 528
528 431 531
346 344 533
533 344 378
375 530 378
378 530 533
530 529 533
533 529 532
532 347 533
533 347 346
340 339 534
534 339 535
339 337 535
535 337 536
537 538 536
536 538 535
538 539 535
535 539 534
334 333 540
540 333 541
541 542 540
540 542 543
543 537 540
540 537 536
337 334 536
536 334 540
544 545 546
546 545 547
547 548 546
546 548 549
549 537 546
546 537 543
542 544 543
543 544 546
550 551 552
552 551 553
539 538 553
553 538 552
538 537 552
552 537 549
548 550 549
549 550 552
377 344 554
554 344 343
343 351 554
554 351 555
555 556 554
554 556 557
380 377 557
557 377 554
361 327 558
558 327 329
325 559 329
329 559 558
559 556 558
558 556 555
555 351 558
558 351 361
264 263 324
324 263 560
263 261 560
560 261 561
556 559 561
561 559 560
559 325 560
560 325 324
240 382 260
260 382 562
382 380 562
562 380 557
556 561 557
557 561 562
561 261 562
562 261 260
563 564 565
565 564 566
567 568 566
566 568 565
568 569 565
565 569 570
571 563 570
570 563 565
423 422 572
572 422 573
422 417 573
573 417 574
569 568 574
574 568 573
568 567 573
573 567 572
414 371 575
575 371 373
366 576 373
373 576 575
576 569 575
575 569 574
417 414 574
574 414 575
363 577 365
365 577 578
577 571 578
578 571 570
569 576 570
570 576 578
576 366 578
578 366 365
470 469 579
579 469 580
469 467 580
580 467 581
582 583 581
581 583 580
583 584 580
580 584 579
465 433 585
585 433 444
443 586 444
444 586 585
586 582 585
585 582 581
467 465 581
581 465 585
441 587 442
442 587 588
587 589 588
588 589 590
582 586 590
590 586 588
586 443 588
588 443 442
492 507 591
591 507 592
507 512 592
592 512 593
582 590 593
593 590 592
590 589 592
592 589 591
515 423 594
594 423 572
567 595 572
572 595 594
595 582 594
594 582 593
512 515 593
593 515 594
564 596 566
566 596 597
596 584 597
597 584 583
582 595 583
583 595 597
595 567 597
597 567 566
494 492 591
589 598 591
591 598 494
599 495 598
598 495 494
445 600 441
441 600 587
599 598 600
600 598 587
598 589 587
601 602 603
599 600 603
603 600 601
445 446 600
600 446 601
604 488 500
599 603 495
495 603 500
602 604 603
603 604 500
474 473 605
605 473 606
473 481 606
606 481 607
608 609 607
607 609 606
609 610 606
606 610 605
488 604 490
490 604 611
604 602 611
611 602 612
608 607 612
612 607 611
607 481 611
611 481 490
446 452 601
601 452 613
452 450 613
613 450 614
608 612 614
614 612 613
612 602 613
613 602 601
448 439 615
615 439 462
457 616 462
462 616 615
616 608 615
615 608 614
450 448 614
614 448 615
454 617 456
456 617 618
617 619 618
618 619 620
608 616 620
620 616 618
616 457 618
618 457 456
621 622 623
623 622 624
622 625 624
624 625 626
608 620 626
626 620 624
620 619 624
624 619 623
627 551 628
628 551 550
550 548 628
628 548 629
629 608 628
628 608 626
625 627 626
626 627 628
547 545 630
630 545 631
610 609 631
631 609 630
609 608 630
630 608 629
548 547 629
629 547 630
333 525 541
541 525 632
525 523 632
632 523 633
633 634 632
632 634 635
542 541 635
635 541 632
207 206 522
522 206 636
206 214 636
636 214 637
634 633 637
637 633 636
633 523 636
636 523 522
228 482 230
230 482 638
477 639 482
482 639 638
639 634 638
638 634 637
214 230 637
637 230 638
476 474 640
640 474 605
610 641 605
605 641 640
641 634 640
640 634 639
477 476 639
639 476 640
545 544 631
631 544 642
544 542 642
642 542 635
634 641 635
635 641 642
641 610 642
642 610 631
551 627 553
553 627 643
627 625 643
643 625 644
645 646 644
644 646 643
646 539 643
643 539 553
622 621 647
647 621 648
649 650 648
648 650 647
650 645 647
647 645 644
625 622 644
644 622 647
411 410 651
651 410 652
408 653 410
410 653 652
645 650 653
653 650 652
649 651 650
650 651 652
405 654 407
407 654 655
654 656 655
655 656 657
645 653 657
657 653 655
653 408 655
655 408 407
658 340 659
659 340 534
539 646 534
534 646 659
646 645 659
659 645 657
656 658 657
657 658 659
340 658 342
342 658 660
658 656 660
660 656 661
662 663 661
661 663 660
663 320 660
660 320 342
654 405 664
664 405 665
666 667 665
665 667 664
667 662 664
664 662 661
656 654 661
661 654 664
668 312 669
669 312 315
320 663 315
315 663 669
663 662 669
669 662 667
667 666 669
669 666 668
314 312 670
670 312 668
666 671 668
668 671 670
671 672 670
670 672 673
303 314 673
673 314 670
405 404 665
665 404 674
404 402 674
674 402 675
672 671 675
675 671 674
671 666 674
674 666 665
399 676 401
401 676 677
676 678 677
677 678 679
672 675 679
679 675 677
675 402 677
677 402 401
680 296 681
681 296 295
303 673 295
295 673 681
673 672 681
681 672 679
678 680 679
679 680 681
387 296 682
682 296 680
680 678 682
682 678 683
683 684 682
682 684 685
370 387 685
685 387 682
676 399 686
686 399 687
688 689 687
687 689 686
689 684 686
686 684 683
678 676 683
683 676 686
363 362 690
690 362 691
362 370 691
691 370 685
685 684 691
691 684 689
689 688 691
691 688 690
577 363 692
692 363 690
688 693 690
690 693 692
693 694 692
692 694 695
571 577 695
695 577 692
399 398 687
687 398 696
398 393 696
696 393 697
694 693 697
697 693 696
693 688 696
696 688 687
390 698 392
392 698 699
700 701 698
698 701 699
701 694 699
699 694 697
393 392 697
697 392 699
564 563 702
702 563 703
563 571 703
703 571 695
694 701 695
695 701 703
701 700 703
703 700 702
596 564 704
704 564 702
700 705 702
702 705 704
705 706 704
704 706 707
584 596 707
707 596 704
698 390 708
708 390 709
710 711 709
709 711 708
706 705 711
711 705 708
705 700 708
708 700 698
712 470 713
713 470 579
584 707 579
579 707 713
707 706 713
713 706 711
711 710 713
713 710 712
472 470 714
714 470 712
710 715 712
712 715 714
715 716 714
714 716 717
461 472 717
717 472 714
390 389 709
709 389 718
389 397 718
718 397 719
716 715 719
719 715 718
715 710 718
718 710 709
411 720 413
413 720 721
720 722 721
721 722 723
716 719 723
723 719 721
397 413 719
719 413 721
724 454 725
725 454 453
461 717 453
453 717 725
717 716 725
725 716 723
722 724 723
723 724 725
617 454 726
726 454 724
724 722 726
726 722 727
727 728 726
726 728 729
729 619 726
726 619 617
720 411 730
730 411 651
651 649 730
730 649 731
728 727 731
731 727 730
722 720 727
727 720 730
648 621 732
732 621 623
619 729 623
623 729 732
729 728 732
732 728 731
649 648 731
731 648 732
