803
39.204994 -34.669846 -4.315643
39.118259 -36.111839 0.581640
39.763313 -37.218254 -5.107905
37.986191 -40.142601 1.926122
39.737438 -32.738102 -5.747899
36.749210 -30.126062 -5.396142
37.081821 -32.643585 -2.084072
40.641026 -34.879707 4.523770
36.823921 -31.017860 3.314840
38.843460 -39.842541 9.371626
42.706627 -35.024166 -7.740372
46.228943 -31.702286 -7.451444
39.690533 -27.780243 -5.983947
46.134254 -30.221941 -4.703681
41.994064 -27.423159 -3.945431
34.061081 -23.281614 -6.186513
51.726410 -28.718031 1.730772
46.223206 -31.124939 4.962651
46.105999 -29.581108 0.493965
43.158630 -30.535524 4.426983
41.048363 -26.171841 2.350407
43.137802 -27.615608 -0.786010
44.065964 -35.050076 8.977474
34.060833 -23.281692 4.570225
39.692299 -27.781982 4.366535
11.226240 5.059141 -5.643635
5.351802 19.178675 -4.925755
8.212441 8.494974 -2.035446
4.309460 19.051294 -3.069617
-3.172246 32.879707 -1.884120
6.002132 14.785281 -0.784216
-8.035111 42.578030 -4.509495
-8.042727 42.590832 2.889227
5.336460 19.174875 3.328198
-7.702198 40.669575 0.265587
4.299308 19.048729 1.479459
11.153361 5.037041 4.114688
8.516603 8.084077 1.826939
13.429109 12.344551 -6.257710
15.308262 13.523027 -5.814125
-6.684144 46.368546 -6.208187
-5.913034 48.186829 -5.847631
16.743439 14.553209 -4.741500
-5.272469 49.701523 -4.766643
-10.311068 49.601006 -6.047892
5.368623 22.672632 -5.928221
15.656428 2.415963 -6.377947
24.479380 0.488932 3.381162
11.489222 24.445488 2.231052
26.660505 -0.525780 1.336287
11.969500 24.911036 -1.881223
27.032928 -0.374025 -0.808649
-1.150553 45.466702 -1.882626
-4.902876 50.604744 1.358145
-5.292598 49.697483 3.158256
26.660505 -0.525773 -2.953581
15.624245 2.406215 4.795898
5.357958 22.671526 4.320284
13.423428 12.343147 4.646179
-10.378699 49.665474 4.432343
-6.706868 46.378796 4.593926
-5.936553 48.188690 4.236573
15.307825 13.523062 4.196946
-14.195001 51.743397 -4.811535
-15.057552 50.988850 -2.097662
-16.908030 53.491974 -4.869517
-14.850938 51.111729 1.274001
-15.252089 52.560158 3.211829
-11.490322 57.425285 -5.475118
-13.510507 54.425308 -6.269997
-11.523668 57.380051 3.879168
-12.762313 60.566437 2.371490
-12.578041 61.198055 -2.027744
-8.509647 56.050545 -1.885433
-16.727306 64.524879 1.735013
-15.214975 62.671242 -3.972167
-13.676104 54.565990 4.663023
36.868423 -20.423658 2.466807
37.068134 -18.838974 -0.808649
31.486601 -11.496292 2.804217
36.868290 -20.423422 -4.084068
31.486605 -11.496300 -4.421515
34.755627 -21.115276 -5.813493
29.286966 -12.566486 -5.809514
23.979656 -9.090400 -6.395123
14.282358 -10.732188 -5.759536
26.413818 -20.807598 -4.925920
18.546177 -10.095801 -6.551649
29.055599 -20.855921 -5.923943
28.551764 -23.896820 -3.631992
28.433159 -24.460758 -0.174984
14.025717 -12.536133 -2.955813
22.423714 -19.256342 -0.791089
13.691196 -12.082182 1.960927
12.536028 -9.601054 4.433098
26.566711 -21.299191 3.073637
31.866211 -26.606592 2.575575
28.605843 -20.247425 4.374846
23.315117 -8.666465 4.835954
29.285248 -12.563501 4.192192
34.755627 -21.115276 4.196198
15.920063 -8.679945 5.163624
13.666547 -2.900818 5.510092
26.554535 -4.990014 -5.277260
13.774684 -2.879609 -7.009324
-5.163294 2.481683 -7.296851
-5.102091 0.675823 -4.239108
0.092151 -3.371649 -0.614761
-8.302448 4.237119 6.646315
-5.165187 0.657988 3.125831
7.400700 0.841706 -7.759287
7.308905 5.413655 -5.859462
2.179433 7.802785 -7.345284
-1.120436 5.708138 -9.047102
-10.636997 20.004093 -7.924816
-9.234112 15.708493 -9.797469
-2.289213 13.244223 -5.925879
1.675050 0.467127 -8.179287
6.569907 6.504693 3.809711
1.681583 9.599407 4.362196
4.933033 8.615790 -2.213095
-4.852741 16.050829 2.411977
-6.151159 15.215246 6.246417
-11.435348 22.715187 -3.282435
0.538442 1.068608 7.105381
4.895999 1.630838 6.793345
-5.676918 8.717100 8.634496
-0.629744 8.006198 7.157601
29.202335 46.117062 16.982244
27.901251 42.244545 28.907177
37.065285 34.136250 16.286856
34.791996 29.430416 27.733171
43.393467 14.718758 25.963171
46.612995 19.846401 15.243641
47.683079 21.536617 2.478436
37.818634 35.677719 2.626837
29.630663 47.374943 2.710096
58.331085 -10.759365 20.313250
62.073837 -7.037134 11.908511
52.047119 0.932464 23.470785
55.749580 5.568712 13.782936
63.320465 -5.802202 1.860608
56.981838 7.102499 2.233076
58.321629 -10.817517 -16.583599
52.028198 0.816153 -18.987770
62.070045 -7.060395 -8.185188
55.742008 5.522189 -9.312569
43.362553 14.528784 -20.984379
46.600632 19.770411 -10.281291
34.747829 29.159023 -22.462648
27.847631 41.914997 -23.478563
37.047623 34.027691 -11.028976
29.180887 45.985241 -11.559947
32.354843 -41.003555 20.313242
32.247616 -44.245098 9.561022
35.764034 -41.458633 16.547789
34.052814 -41.271805 -15.233118
37.180119 -41.652252 -7.620326
28.745396 -44.959366 -8.137047
32.626732 -45.178692 -3.518516
59.819714 -19.210880 -13.882644
52.074261 -17.079390 -21.689350
54.214176 -24.027754 -18.061995
57.978615 -24.870276 -11.155732
53.440735 -28.420258 -14.405140
48.015903 -32.716938 -15.491055
47.570026 -29.954838 -19.466227
44.783627 -24.960726 -23.419060
55.249901 -27.551205 -6.668685
42.632324 -37.087051 -14.405139
41.090839 -36.175583 -18.061991
37.905392 -33.576221 -21.689348
63.184544 -16.311455 9.624149
59.823505 -19.187622 16.547792
57.979549 -24.864468 12.618737
60.701710 -22.737970 7.213541
61.609013 -22.029716 0.731082
64.304512 -15.355064 1.330886
55.249901 -27.551212 6.965379
56.908951 -26.299814 0.148349
60.701340 -22.740294 -5.751167
63.183033 -16.320761 -6.961530
52.093185 -16.963079 25.429541
54.221760 -23.981230 20.731359
44.808235 -24.809513 27.165569
47.579872 -29.894356 22.138121
48.018375 -32.701817 16.955746
53.442631 -28.408628 15.869199
37.924332 -33.459904 25.429535
41.098415 -36.129059 20.731356
42.634220 -37.075409 15.869196
46.954666 -33.808178 12.178404
50.936371 -30.804831 11.376399
26.215538 62.789867 33.015442
26.480391 61.205467 32.245296
26.869799 66.418396 19.240341
27.125666 64.511032 18.788809
26.325214 59.752995 31.576485
26.932964 62.710983 18.421444
27.054770 63.734070 2.544575
27.233278 65.665619 2.493770
26.959026 67.683296 2.506687
24.711849 56.514061 30.535599
25.343693 59.511822 17.899542
25.669170 57.969448 30.990015
26.299105 60.925774 18.121456
25.524525 60.497169 2.710554
26.455824 61.922169 2.627751
25.256277 59.425625 -12.474915
24.540894 56.252716 -25.100407
26.149509 60.908455 -12.858909
25.390356 57.834461 -25.706329
25.921801 59.748280 -26.442114
26.710951 62.765438 -13.320989
25.594931 62.839703 -27.935999
26.521353 66.513939 -14.210451
25.957001 61.257301 -27.195246
26.833603 64.603088 -13.785635
24.325533 50.004822 -24.088114
25.098316 53.334267 -11.878529
23.215536 54.316971 -24.453482
23.763056 57.200687 -12.076221
23.953238 58.192204 2.776747
25.361334 54.477425 2.760051
23.551643 55.739910 -24.736851
24.138254 58.710423 -12.244516
24.348984 59.726315 2.760238
23.652822 56.046055 30.262957
24.186340 58.825542 17.766396
23.279631 54.631943 30.009232
23.790590 57.324844 17.630283
24.379782 50.338249 29.611586
25.120012 53.467636 17.399471
19.902941 29.628874 44.165157
21.180336 38.260883 43.356453
21.472099 40.872990 45.069122
22.218819 42.844540 44.132252
22.359730 45.251644 41.871826
23.294083 47.628178 42.475285
24.111652 50.649052 42.028801
23.756344 49.356022 43.498581
23.307121 49.335499 44.347279
23.627048 51.548351 38.062286
24.555847 53.103367 38.601246
25.211229 54.916912 39.276581
24.958126 56.868347 40.856903
25.267073 55.815063 40.009075
19.385612 34.014530 47.169964
21.195982 43.834068 46.782887
23.005663 51.841640 45.555397
22.754986 54.352131 45.551178
21.484486 50.389645 47.137314
19.657671 43.102512 48.248215
24.519142 59.147289 41.878235
25.611526 64.969200 33.905891
24.684870 66.838257 34.856647
23.745268 60.606750 42.961773
23.452101 67.491837 35.807709
22.162054 67.366531 36.912601
22.431644 59.201580 43.996189
20.838045 55.570217 45.297218
25.732777 35.790352 36.135593
23.146067 45.122597 36.968235
22.424850 50.146835 37.438454
21.947460 45.296734 40.174980
21.911007 40.108891 40.845028
23.318016 29.737345 40.136421
22.750946 51.425797 37.738914
21.811867 45.195362 41.441402
21.166748 37.585327 42.617573
21.278042 27.068386 42.378582
16.820391 -19.919743 39.388912
14.625951 -35.322483 31.296839
21.216940 -21.909615 36.049183
18.441216 -35.958427 28.689028
22.951712 -36.794266 26.202135
26.660635 -23.882910 32.911186
30.697737 -5.552136 36.403584
23.230190 -4.973619 40.041466
18.806824 -2.103927 43.498005
27.836830 -38.962368 23.470781
32.670753 -28.555433 29.430393
38.872505 -16.871067 31.478138
45.876362 -6.794618 29.430393
38.027592 6.172688 32.585861
31.003178 21.587362 34.747864
26.631142 14.513997 38.919228
19.499483 14.376931 44.602558
22.608206 12.117227 41.835564
24.217869 56.589954 -35.694878
24.633841 55.562119 -34.880886
24.707621 54.625782 -34.085678
23.580359 50.050362 -36.772812
23.123945 48.672897 -38.262058
22.574240 48.588470 -39.070274
24.188536 52.650009 -33.282326
23.380304 50.933971 -32.609474
22.040524 44.232010 -36.399426
22.851610 46.803917 -37.121449
19.457293 28.076584 -38.627411
20.848085 39.659035 -39.645370
20.787577 36.909451 -37.867580
21.687138 41.744995 -38.758251
20.214087 55.001511 -39.382191
21.621489 67.072197 -30.906801
21.678679 58.694096 -38.229015
22.815908 67.279037 -29.991270
24.000134 66.754883 -29.312607
22.925837 60.234421 -37.414467
21.946054 53.703819 -40.003860
20.724503 49.548466 -41.454636
19.047865 42.199009 -42.452114
24.934555 64.973663 -28.634649
23.710388 58.840214 -36.554581
22.197403 51.117241 -40.144344
18.835543 32.757153 -41.512806
20.487423 42.731819 -41.235458
20.989338 25.707954 -36.881172
20.889429 36.297306 -37.088177
21.585239 44.177273 -35.904964
21.773668 44.395206 -34.629158
21.727743 39.086693 -35.314381
23.133224 28.705187 -34.676373
22.586641 50.776836 -32.205761
22.306181 49.507721 -31.879885
23.037560 44.455750 -31.440546
25.625532 35.131256 -30.696440
22.557367 74.318604 -15.629687
21.857481 76.706291 -16.357424
20.656490 66.660439 -32.295353
19.649994 69.280182 -33.889416
20.953779 80.483734 -17.211002
21.450216 84.238174 3.014182
22.347479 80.087402 3.057474
22.984337 76.766159 3.039209
18.331093 78.167854 -35.421482
15.448043 88.032059 -36.672363
19.297564 86.557991 -18.044151
15.947801 92.424950 -18.729927
16.131115 93.876961 2.867066
19.656282 89.357445 2.940779
15.987281 92.367355 24.457176
15.505601 87.875374 42.378941
19.388954 86.552040 23.911936
18.477297 78.127617 41.247929
19.915668 69.386703 39.838543
21.112965 80.540245 23.219555
21.063585 66.898911 38.324818
22.093756 76.814644 22.450998
22.865028 74.440331 21.689947
13.309285 -44.564133 18.243301
16.775784 -44.387718 16.791277
12.864826 -47.669598 2.711472
16.216137 -47.221401 2.627381
19.981464 -47.141548 2.478572
20.726360 -44.541088 15.369745
14.570209 -35.571674 -25.854445
18.396208 -36.197678 -23.412998
13.286988 -44.663807 -12.815499
16.757778 -44.483414 -11.531196
22.920588 -36.976215 -21.221964
20.713907 -44.613857 -10.406846
27.817898 -39.078678 -18.987766
23.967800 -47.299553 2.233076
24.936478 -45.206535 13.782933
26.157921 68.525551 19.792830
26.199663 69.753578 2.614654
25.148058 71.897354 2.770722
25.138618 70.618279 20.401121
25.778091 68.590538 -14.553040
24.754715 70.626045 -14.859035
23.602125 72.413628 -15.174069
23.997076 74.135521 2.927928
23.960487 72.482376 21.020075
21.126925 -22.388117 -30.746565
16.708912 -20.418131 -33.922207
18.611265 -2.936897 -37.998367
23.077396 -5.760292 -34.692074
30.602127 -6.115337 -31.307648
26.598391 -24.246790 -27.902237
19.185452 13.138298 -39.062527
22.375097 10.980245 -36.409706
26.480124 13.659825 -33.581413
30.914852 21.044577 -29.456257
37.965767 5.792739 -27.579662
45.838512 -7.027240 -24.926300
38.823296 -17.173477 -26.961397
32.632896 -28.788055 -24.926298
-17.707605 67.951141 7.507872
-17.598270 68.847305 -2.717271
-17.463524 65.651070 3.714535
-17.431196 63.376347 -8.875529
-16.673372 61.479919 -6.135276
-16.735071 55.778202 -6.183697
-17.257107 57.734684 -8.205258
-17.440050 50.207779 -4.471978
-17.198938 51.883797 -3.266686
-17.206331 51.855137 -0.543080
-17.705841 51.955246 9.914843
-17.349188 52.933517 2.780700
-16.835342 55.861218 4.594121
-17.412243 57.775600 6.882993
-16.737270 60.242840 4.770713
-17.717119 63.129604 11.561611
-13.145879 9.719757 9.092537
-14.020502 15.188585 11.076136
-15.084547 2.164033 8.748157
-15.500075 2.201779 13.923397
-15.087427 10.661686 13.044545
-15.761842 8.754166 18.289602
-16.109100 16.706842 19.998962
-15.410498 16.235504 14.132067
-13.036251 20.233274 7.663082
-16.483582 30.076880 8.169893
-16.522629 24.839321 18.450596
-17.257635 78.144791 51.403172
-17.252947 86.782196 56.144463
-17.361109 81.245544 49.265373
-17.308014 87.973793 54.707687
-16.871296 91.567322 57.765224
-17.078337 91.740128 56.298836
-17.218540 91.108688 53.272816
-17.344528 88.805260 51.928566
-17.424545 83.410431 46.182861
-15.739531 93.755623 55.782066
-12.984955 94.848434 48.403671
-16.470005 93.452560 53.178459
-15.759554 94.022583 43.424912
-16.928005 92.662010 40.207855
-17.103874 92.211815 50.265656
-17.462667 86.581856 32.712517
-17.454329 85.216621 41.290157
-17.367218 90.309959 36.959251
-17.362078 89.624313 46.630714
-11.213179 68.767998 59.974743
-5.576781 69.196754 61.200405
-11.109797 83.417740 60.950531
-5.167663 83.930595 61.590721
0.667411 67.994881 61.689602
1.516252 82.342842 61.757732
2.089656 90.313843 60.001991
-5.054930 91.848793 60.248993
-11.219789 91.216957 60.282253
9.012749 56.951057 60.949932
11.283982 64.146706 60.569214
5.906650 63.431625 61.522961
7.325093 76.458908 61.405216
13.325277 71.823563 58.334064
8.647616 84.377815 59.425438
14.675378 80.380287 52.970947
9.387133 89.847260 53.957069
9.757732 93.383675 43.057556
2.377593 95.698288 43.817974
2.307548 94.182320 54.715954
-5.490914 95.864983 45.194439
-5.294097 95.096840 55.677784
-11.699793 94.307281 56.912334
-17.461756 87.423904 18.575230
-17.366501 90.741226 21.059305
-16.793072 92.944031 23.045372
-16.732540 93.059425 2.333596
-17.359257 90.913124 2.049714
-17.450171 87.736160 1.663116
-11.696624 95.369736 26.423336
-15.223527 94.361732 25.116529
-11.357835 95.530647 2.666360
-14.996986 94.486938 2.534428
-12.969385 94.961433 -43.033649
-15.740728 94.128220 -38.349884
-11.689852 95.419289 -21.081978
-15.214997 94.415138 -20.040272
-16.900591 92.787689 -35.522038
-16.779882 93.009727 -18.372055
-17.322483 90.458771 -32.823051
-17.389252 86.744980 -29.346254
-17.344810 90.820633 -16.950687
-17.426477 87.512054 -15.238990
9.973508 95.503487 24.784313
10.040182 96.228508 2.822839
2.588149 96.936554 2.788272
2.507439 96.611755 25.226372
9.749087 93.581367 -37.422897
9.963468 95.580536 -19.141392
2.389633 95.886009 -38.239040
2.510757 96.686501 -19.649151
-5.474916 96.016212 -39.686752
-5.244143 96.404579 -20.623810
-5.020323 96.525551 2.743545
-5.251119 96.343460 26.116325
-14.629036 68.439346 57.931973
-14.693293 82.999863 59.883537
-14.838569 90.652634 60.217564
-16.131273 88.696724 59.551941
-16.516996 83.285400 58.626286
-16.401505 69.572968 55.588741
-15.191515 93.530098 58.489422
-16.705940 90.982773 59.095055
-17.179745 84.882797 57.415298
-17.107737 73.531029 53.461720
-17.483734 81.249840 -24.184973
-17.593658 80.132767 -11.277032
-17.666655 72.281700 -10.548068
-17.578310 83.216690 1.154153
-17.599833 81.093132 26.501081
-17.596775 82.662636 15.010037
-17.590345 78.515335 33.260502
-17.711483 71.798981 24.405560
-17.679699 65.088707 26.002926
-17.544806 75.007378 37.350235
-17.301561 40.505394 18.798468
-17.469772 41.009121 2.121929
-17.249075 50.133320 34.789330
-17.504120 58.888477 31.010296
-17.258516 64.399635 44.024735
-17.439703 70.647400 40.832245
10.551402 -44.888023 19.921598
11.826521 -33.754070 34.390907
9.348043 -34.837902 37.435856
8.128592 -46.559055 21.573551
7.718597 -50.473839 2.788610
10.120514 -48.616615 2.762805
6.495635 -42.158695 39.896301
3.482418 -50.882118 41.703133
5.667312 -50.776878 22.946547
3.157217 -55.373539 23.974487
3.064134 -56.871281 2.794731
5.394448 -53.652657 2.796110
3.194531 -55.376995 -18.382261
3.539769 -50.892334 -36.102646
5.670716 -50.789467 -17.348820
6.489780 -42.190784 -34.282036
9.303339 -34.915611 -31.829132
8.112147 -46.590080 -15.988958
11.768035 -33.926785 -28.839878
10.528010 -44.957104 -14.389636
-12.863340 10.731005 -10.463643
-12.804365 14.671529 -11.190838
-16.066154 24.830738 -20.965864
-15.165073 16.684746 -17.017611
-15.153919 25.805906 -11.564407
-15.358740 5.586946 -15.808242
-17.337059 85.428360 -37.873852
-17.291607 89.822517 -42.448540
-17.060165 92.386086 -45.566799
-17.154556 91.311081 -48.635235
-17.250778 89.033852 -47.643532
-17.264864 83.653313 -42.639603
-16.437351 93.608040 -48.136719
-15.709417 93.915413 -50.529171
-16.812984 91.769745 -52.696751
-17.018698 91.941322 -51.421364
-17.055862 78.424316 -47.281879
-17.167629 81.511009 -45.461334
-17.141455 87.028358 -51.431328
-17.198597 88.214760 -50.224403
-16.230555 30.752581 -3.585256
-17.261082 55.495186 -16.694315
-17.036470 38.673580 -6.126348
-13.686021 4.760962 -4.529935
-13.218141 4.411367 -0.434441
-15.270422 -1.701054 -7.346785
-15.272511 -3.033241 0.064145
-13.768756 4.723900 3.701421
-13.529301 24.434551 -4.867465
-14.004443 24.778976 3.216584
-10.863838 -34.732292 60.311119
-7.580288 -34.344486 61.334946
-11.306047 -11.161457 58.604710
-7.422439 -10.783535 60.652393
-3.657311 -32.388618 61.723232
-2.788580 -9.552893 61.523163
-1.550671 17.695862 61.386524
-6.910895 17.342690 60.223625
-11.450739 16.985226 57.532829
0.333061 -27.253021 61.522961
3.382269 -20.488146 60.949932
1.875449 -6.618426 61.405216
5.760064 -4.744341 60.569214
8.188858 18.167326 60.233639
3.712560 17.984087 61.287468
9.243675 41.154076 60.569214
4.879383 42.637058 61.405216
-0.376785 44.995502 61.503937
-6.226768 45.501785 60.575504
-11.373305 45.126099 58.412502
4.012364 -27.429827 60.569214
0.050407 -40.002232 61.405216
-3.723666 -46.449169 61.796173
-3.328612 -54.081825 59.953259
0.326078 -47.611519 59.381031
4.382546 -34.911774 58.223034
-7.203332 -48.807781 61.744488
-10.048702 -49.145626 61.334946
-9.066168 -56.667427 59.996117
-6.504488 -56.404121 60.098495
-8.121754 -59.563702 54.614487
-7.324271 -60.048786 43.509960
-5.696680 -59.364235 54.614487
-4.954145 -59.898174 43.509956
-2.314780 -58.892857 43.329277
-2.813116 -57.633884 54.405720
0.521509 -56.173843 42.787228
0.458661 -52.826355 53.779423
4.048379 -43.395374 52.526829
-16.940069 73.816124 -49.044060
-17.085741 85.137749 -52.504478
-16.655003 91.204582 -53.887485
-16.081860 88.951363 -54.308033
-16.447432 83.564804 -53.532932
-16.283421 69.880661 -50.873852
-11.676594 94.531715 -51.447742
-15.162609 93.735207 -53.115017
-11.187961 91.552177 -54.798599
-14.804462 90.922264 -54.828979
-11.065196 83.850937 -55.518284
-11.152446 69.262207 -54.664005
-14.642508 83.331390 -54.605766
-14.549090 68.812180 -52.897213
-5.508864 69.882286 -55.724083
-5.109729 84.536827 -56.065792
-5.011045 92.313377 -54.705101
2.143950 90.900383 -54.420841
1.588757 83.101936 -56.183292
0.748254 68.841476 -56.127914
-5.264997 95.396164 -50.146301
2.339134 94.559532 -49.134510
9.402751 90.252808 -48.336193
14.642530 80.719032 -47.298809
13.334960 72.369942 -52.696419
8.694687 85.007751 -53.818180
9.072693 57.747330 -55.341007
5.985497 64.308838 -55.925976
11.329017 64.868896 -54.952374
7.395128 77.259125 -55.805771
-10.730140 -34.423885 -54.941048
-11.203532 -10.777136 -53.451294
-7.470137 -34.021622 -55.834900
-7.344501 -10.333741 -55.238998
-11.355521 17.436569 -52.517864
-6.839085 17.916771 -54.865623
-1.486601 18.364248 -55.853195
-2.724950 -9.056910 -55.976589
-3.572096 -32.063423 -56.155621
-11.293858 45.620216 -53.292984
-6.156260 46.165524 -55.175674
-0.302869 45.796314 -55.960762
4.947218 43.458786 -55.805771
9.287154 41.881176 -54.952374
8.210320 18.742054 -54.609810
3.765292 18.666508 -55.685577
5.783195 -4.316307 -54.952374
3.418251 -20.175816 -55.341007
1.924706 -6.110474 -55.805771
0.392181 -26.925070 -55.925976
-13.915664 -45.689163 38.673222
-14.906319 -31.036892 33.836483
-13.766618 -48.435474 22.022043
-14.765843 -36.252220 19.041672
-15.536630 -15.696588 27.563482
-15.381585 -22.547873 15.275671
-15.319230 -24.823679 1.198994
-14.706679 -37.982891 1.800903
-13.696438 -49.343494 2.297130
-15.735737 -4.833375 20.352659
-15.577213 -10.692341 11.130556
-15.510616 -12.637686 0.584213
-15.598179 -4.756020 -19.011002
-15.522190 -10.661539 -9.918826
-15.439464 -15.616733 -24.954634
-15.341282 -22.515976 -12.824965
-14.821265 -30.960409 -30.075104
-13.806527 -45.618881 -33.999180
-14.726072 -36.221436 -15.399971
-13.708586 -48.406769 -17.407837
-6.782523 -60.337063 25.002415
-8.896210 -60.456284 25.002415
-9.352845 -60.203720 43.509956
-11.102416 -58.853409 43.026287
-10.779707 -59.333313 24.704378
-10.616624 -59.485847 2.743735
-8.673708 -60.532379 2.793356
-6.525531 -60.424854 2.793356
-12.635526 -54.488285 41.575264
-12.420541 -55.727779 23.810265
-12.311976 -56.133675 2.594867
-12.320854 -55.700821 -18.612556
-12.458192 -54.424023 -36.353622
-10.844408 -58.792160 -37.530846
-10.631937 -59.306858 -19.214916
-9.033329 -60.139675 -37.923252
-6.981872 -59.984390 -37.923252
-8.710898 -60.428139 -19.415705
-6.582308 -60.308525 -19.415705
4.037785 -27.263454 -54.952374
0.134445 -39.830212 -55.805771
4.405113 -34.896214 -52.599857
0.441498 -47.549267 -53.779556
-3.124302 -53.971062 -54.365025
-3.582218 -46.251553 -56.214954
4.091204 -43.418957 -46.912563
0.603344 -52.805614 -48.181694
0.665732 -56.160313 -37.195011
-2.080469 -58.856869 -37.741192
-2.567325 -57.571705 -48.816261
-4.646962 -59.844173 -37.923252
-5.369837 -59.268879 -49.027779
-7.753232 -59.448799 -49.027779
-8.750459 -56.492607 -54.431072
-6.228885 -56.252735 -54.520454
-9.827604 -48.906681 -55.834900
-7.013626 -48.582466 -56.192444
-16.501148 39.761326 -23.973597
-17.319046 65.271957 -24.967062
-17.035307 59.137905 -29.369253
-16.741228 50.421783 -32.646313
-17.473389 71.961891 -23.268112
-17.401901 78.714615 -30.934633
-17.283609 75.237305 -34.903831
-17.116375 70.912704 -38.047649
-16.917238 64.690697 -40.797371
-14.519142 44.838634 54.807503
-16.208281 47.314381 50.754112
-16.070507 16.554207 43.925880
-14.252831 16.684132 53.048149
-16.984726 55.228340 47.245934
-16.864809 37.749664 38.793091
-16.802092 28.869926 28.128342
-16.359001 16.774763 29.786516
-15.999940 4.931328 26.882965
-15.792639 -4.277842 36.220856
-14.140111 -41.110973 49.156986
-15.130858 -22.344370 43.699486
-13.970136 -36.877087 55.218948
-14.911261 -14.427166 50.271145
-12.935915 -35.163677 58.604725
-13.719324 -11.537761 55.191925
-11.919897 -49.530239 60.652393
-12.868453 -50.456776 58.187637
-11.818554 -55.571354 57.847672
-10.878276 -56.960762 59.825474
-12.945911 -52.420364 52.431488
-11.565989 -58.050316 54.068741
-10.018063 -59.778572 54.614487
-9.666551 -59.663101 -49.027779
-11.272804 -57.937603 -48.563324
-11.539629 -55.415394 -52.377972
-10.567221 -56.788990 -54.282097
-12.735007 -52.298100 -47.169952
-13.993719 -40.973415 -44.383213
-13.806275 -36.666542 -50.290424
-12.647529 -50.275318 -52.864197
-12.780302 -34.894444 -53.451294
-11.691982 -49.307899 -55.238998
7.885760 -27.794636 50.439171
11.382853 -15.302540 47.445507
14.386790 18.143484 54.121292
8.763751 -13.901186 56.320534
13.951714 -15.197477 43.474888
16.206417 5.054094 47.883293
17.870071 21.272984 48.325874
17.763737 33.149624 50.140285
19.224241 50.351086 47.180592
17.831982 50.774307 49.304562
16.903009 64.070000 51.327389
14.828970 50.433933 56.542580
12.418034 43.274162 59.285767
11.188259 18.205551 58.532185
8.055674 -6.694839 59.285767
7.845299 -27.860071 -44.797348
8.703149 -13.920766 -50.661743
14.209697 17.984894 -48.403225
11.286265 -15.458284 -41.801899
8.029228 -6.496290 -53.642223
11.142190 18.509392 -52.872963
12.410076 43.791718 -53.642223
14.758561 50.721401 -50.854866
16.775162 64.201225 -45.569836
17.565207 50.630749 -43.454487
18.777224 49.938953 -41.257977
17.347933 32.491180 -44.346283
17.496868 20.266451 -42.661259
15.990305 4.439754 -42.260975
13.834748 -15.542912 -37.892086
-14.396559 45.214188 -50.155170
-14.099282 17.036137 -48.604931
-15.806359 16.819134 -40.572681
-16.015856 47.622726 -46.629761
-13.571631 -11.223254 -50.471787
-14.737418 -14.189263 -46.000793
-14.989505 -22.192331 -39.738644
-15.605495 -4.117918 -33.348431
-15.724825 5.086749 -25.324764
-16.436857 38.036968 -36.142258
-16.703241 55.521133 -43.584286
-4.270740 -60.191879 -19.415705
-1.832924 -59.629925 -19.312359
-1.803554 -59.892513 2.793493
-4.214388 -60.314865 2.793356
0.674410 -58.174389 -19.002327
0.643712 -58.847942 2.793907
0.587970 -58.181065 24.591244
-1.971214 -59.646278 24.899622
-4.451118 -60.216003 25.002409
1610
0 1 2
3 2 1
4 5 6
1 0 6
0 4 6
7 1 8
8 1 6
9 3 7
7 3 1
4 10 11
12 4 11
13 14 11
11 14 12
12 15 4
4 15 5
0 2 4
4 2 10
16 17 18
19 18 17
19 20 18
20 21 18
18 21 13
13 21 14
16 18 13
22 9 7
19 22 7
8 23 24
19 7 24
24 7 8
24 20 19
17 22 19
25 26 27
27 26 28
29 30 28
30 27 28
28 26 29
29 26 31
32 33 34
34 33 35
35 29 34
36 37 33
33 37 35
37 27 35
35 27 30
29 35 30
38 39 40
40 39 41
39 42 41
41 42 43
44 31 45
26 45 31
45 38 40
40 44 45
26 25 45
45 25 46
46 38 45
47 48 49
50 51 48
48 51 49
52 50 53
53 50 48
48 54 53
42 50 43
43 50 52
42 55 50
55 51 50
56 36 57
57 36 33
57 58 56
57 32 59
59 60 57
60 58 57
33 32 57
54 48 61
61 48 62
58 60 62
62 60 61
48 47 62
63 64 31
31 64 34
34 29 31
65 64 63
34 64 32
32 64 66
67 32 66
43 68 41
68 44 41
41 44 40
44 68 69
69 65 63
63 44 69
44 63 31
54 70 53
53 70 71
72 73 71
71 73 53
73 52 53
74 72 71
68 72 75
74 75 72
43 52 73
72 68 73
73 68 43
32 67 59
59 67 76
59 76 70
60 59 61
61 59 70
70 54 61
77 78 20
21 20 78
79 78 77
80 78 81
21 78 14
14 78 80
14 80 12
12 80 82
82 15 12
80 81 83
84 15 83
83 15 82
82 80 83
85 86 87
87 86 88
15 84 88
88 84 87
89 5 88
5 15 88
86 89 88
5 89 6
90 6 89
86 85 89
89 85 91
91 92 89
92 90 89
93 94 95
95 90 92
91 93 92
92 93 95
8 6 96
96 6 90
90 95 96
97 8 96
95 97 96
23 8 97
94 97 95
97 98 23
99 79 77
77 100 99
100 23 99
98 99 23
23 100 24
100 77 24
24 77 20
97 94 98
98 94 101
102 98 101
36 56 102
58 98 56
98 102 56
47 98 62
62 98 58
98 47 99
99 47 79
47 49 79
78 79 51
51 79 49
42 103 55
78 51 81
81 51 55
103 81 55
81 103 83
103 84 83
38 84 39
39 84 103
103 42 39
25 104 46
46 104 84
84 38 46
104 87 84
105 106 85
85 106 91
106 107 91
108 94 109
91 107 93
93 107 109
109 94 93
104 25 110
110 25 111
111 112 110
112 113 110
114 115 116
113 112 115
115 112 116
85 87 117
87 104 117
117 104 110
113 117 110
117 105 85
36 118 37
119 120 118
120 27 118
118 27 37
121 120 119
119 122 121
123 114 116
112 120 116
116 120 121
121 123 116
25 27 111
111 27 120
120 112 111
101 94 124
125 102 124
124 102 101
126 125 124
94 108 124
122 119 127
125 126 127
127 126 122
118 36 125
125 36 102
119 118 127
127 118 125
128 129 130
130 129 131
132 133 131
131 133 130
133 134 130
130 134 135
136 128 135
135 128 130
137 138 139
139 138 140
141 142 138
138 142 140
134 133 142
142 133 140
133 132 140
140 132 139
143 144 145
145 144 146
144 147 146
146 147 148
134 142 148
148 142 146
142 141 146
146 141 145
149 150 151
151 150 152
136 135 152
152 135 151
135 134 151
151 134 148
147 149 148
148 149 151
153 154 155
154 9 155
156 157 158
157 159 158
2 3 157
159 157 3
9 154 3
154 159 3
143 160 161
161 160 162
160 163 162
162 163 164
165 166 164
164 166 162
166 167 162
162 167 161
168 13 11
11 165 164
163 168 164
164 168 11
2 157 10
10 157 169
165 11 169
169 11 10
170 156 171
167 166 171
171 166 170
166 165 170
170 165 169
157 156 169
169 156 170
138 137 172
172 137 173
174 175 173
173 175 172
176 177 175
175 177 172
177 141 172
172 141 138
17 16 178
16 179 178
179 176 178
178 176 175
175 174 178
168 163 180
176 179 180
180 179 168
179 16 168
168 16 13
160 143 181
181 143 145
141 177 145
145 177 181
177 176 181
181 176 180
163 160 180
180 160 181
137 182 173
173 182 183
182 184 183
183 184 185
186 187 185
185 187 183
187 174 183
183 174 173
188 153 189
189 153 155
9 190 155
155 190 189
190 186 189
189 186 185
184 188 185
185 188 189
186 190 191
191 190 22
190 9 22
192 17 178
174 187 178
178 187 192
187 186 192
192 186 191
22 17 191
191 17 192
193 194 195
195 194 196
194 197 196
196 197 198
199 200 198
198 200 196
200 201 196
196 201 195
202 203 204
204 203 205
203 206 205
205 206 207
199 198 207
207 198 205
197 204 198
198 204 205
208 209 210
210 209 211
212 213 211
211 213 210
213 199 210
210 199 207
206 208 207
207 208 210
214 215 216
216 215 217
215 201 217
217 201 200
199 213 200
200 213 217
213 212 217
217 212 216
150 218 152
152 218 219
218 220 219
219 220 221
222 223 221
221 223 219
223 136 219
219 136 152
209 208 224
224 208 225
208 206 225
225 206 226
226 222 225
225 222 221
220 224 221
221 224 225
202 227 203
203 227 228
229 230 227
227 230 228
230 222 228
228 222 226
206 203 226
226 203 228
129 128 231
231 128 232
128 136 232
232 136 223
222 230 223
223 230 232
230 229 232
232 229 231
233 234 235
235 234 236
234 237 236
236 237 238
239 240 238
238 240 236
240 241 236
236 241 235
242 202 243
243 202 204
197 244 204
204 244 243
244 239 243
243 239 238
237 242 238
238 242 243
193 245 194
194 245 246
245 241 246
246 241 240
240 239 246
246 239 244
244 197 246
246 197 194
233 235 247
247 235 248
235 241 248
248 241 249
250 251 249
249 251 248
251 252 248
248 252 247
245 193 253
253 193 254
255 256 254
254 256 253
256 250 253
253 250 249
241 245 249
249 245 253
257 258 259
259 258 260
252 251 260
260 251 259
251 250 259
259 250 256
255 257 256
256 257 259
261 129 262
262 129 231
229 263 231
231 263 262
263 264 262
262 264 265
266 261 265
265 261 262
202 242 227
227 242 267
237 268 242
242 268 267
264 263 268
268 263 267
263 229 267
267 229 227
234 233 269
269 233 270
270 266 269
269 266 265
264 268 265
265 268 269
237 234 268
268 234 269
271 272 273
273 272 274
275 276 274
274 276 273
276 277 273
273 277 278
279 271 278
278 271 273
153 188 280
280 188 281
188 184 281
281 184 282
277 276 282
282 276 281
276 275 281
281 275 280
182 137 283
283 137 139
132 284 139
139 284 283
284 277 283
283 277 282
184 182 282
282 182 283
129 261 131
131 261 285
261 266 285
285 266 286
277 284 286
286 284 285
284 132 285
285 132 131
233 287 270
270 287 288
287 279 288
288 279 278
277 286 278
278 286 288
266 270 286
286 270 288
214 216 289
289 216 290
216 212 290
290 212 291
291 292 290
290 292 293
293 294 290
290 294 289
211 209 295
295 209 296
297 298 296
296 298 295
298 292 295
295 292 291
212 211 291
291 211 295
299 300 301
301 300 302
300 294 302
302 294 293
292 298 293
293 298 302
298 297 302
302 297 301
303 304 305
305 304 306
307 308 306
306 308 305
308 309 305
305 309 310
311 303 310
310 303 305
312 214 313
313 214 289
294 314 289
289 314 313
314 309 313
313 309 308
307 312 308
308 312 313
299 315 300
300 315 316
315 311 316
316 311 310
309 314 310
310 314 316
314 294 316
316 294 300
317 299 318
318 299 301
297 319 301
301 319 318
320 321 319
319 321 318
321 322 318
318 322 317
296 209 323
323 209 224
224 220 323
323 220 324
320 319 324
324 319 323
297 296 319
319 296 323
218 150 325
325 150 326
322 321 326
326 321 325
321 320 325
325 320 324
220 218 324
324 218 325
327 304 328
328 304 329
329 330 328
328 330 331
332 333 331
331 333 328
333 334 328
328 334 327
335 336 337
337 336 338
339 340 338
338 340 337
340 332 337
337 332 331
330 335 331
331 335 337
341 342 343
343 342 344
345 346 344
344 346 343
346 332 343
343 332 340
339 341 340
340 341 343
347 258 348
348 258 349
349 334 348
348 334 333
332 346 333
333 346 348
346 345 348
348 345 347
272 350 274
274 350 351
350 352 351
351 352 353
354 355 353
353 355 351
355 275 351
351 275 274
356 357 358
358 357 359
357 360 359
359 360 361
354 353 361
361 353 359
353 352 359
359 352 358
362 156 158
158 159 363
363 354 158
158 354 361
360 362 361
361 362 158
154 153 364
364 153 280
275 355 280
280 355 364
355 354 364
364 354 363
159 154 363
363 154 364
254 193 365
365 193 195
201 366 195
195 366 365
366 367 365
365 367 368
255 254 368
368 254 365
215 214 369
369 214 312
307 370 312
312 370 369
367 366 370
370 366 369
366 201 369
369 201 215
304 327 306
306 327 371
334 372 327
327 372 371
372 367 371
371 367 370
370 307 371
371 307 306
258 257 349
349 257 373
257 255 373
373 255 368
367 372 368
368 372 373
372 334 373
373 334 349
357 356 374
374 356 375
376 377 375
375 377 374
377 378 374
374 378 379
360 357 379
379 357 374
299 317 380
380 317 381
322 382 317
317 382 381
382 378 381
381 378 377
377 376 381
381 376 380
150 149 326
326 149 383
149 147 383
383 147 384
378 382 384
384 382 383
382 322 383
383 322 326
144 143 385
385 143 161
167 386 161
161 386 385
386 378 385
385 378 384
147 144 384
384 144 385
156 362 171
171 362 387
362 360 387
387 360 379
378 386 379
379 386 387
386 167 387
387 167 171
388 389 390
391 392 389
389 392 75
74 390 75
75 390 389
65 69 393
393 69 392
394 393 392
68 75 392
69 68 392
394 392 391
65 393 395
395 393 394
65 396 64
396 397 64
395 397 396
396 65 395
398 399 397
395 398 397
64 397 66
66 397 399
399 67 66
76 67 400
67 399 400
401 402 400
402 76 400
400 399 401
403 388 390
390 74 402
402 401 390
401 403 390
74 71 402
402 71 70
76 402 70
124 108 404
405 122 404
122 126 404
404 126 124
406 407 408
408 407 409
410 411 409
409 411 408
411 405 408
408 405 404
108 406 404
404 406 408
405 411 412
412 411 413
411 410 413
413 410 414
122 405 412
415 416 417
417 416 418
416 419 418
418 419 420
420 421 418
418 421 422
423 417 422
422 417 418
424 425 426
426 425 427
428 429 427
427 429 426
429 421 426
426 421 420
419 424 420
420 424 426
430 431 432
432 431 433
431 423 433
433 423 422
421 429 422
422 429 433
429 428 433
433 428 432
434 435 436
436 435 437
438 439 435
435 439 437
439 440 437
437 440 441
441 442 437
437 442 436
443 444 445
445 444 446
444 447 446
446 447 448
440 439 448
448 439 446
439 438 446
446 438 445
449 342 450
450 342 451
451 452 450
450 452 453
453 440 450
450 440 448
447 449 448
448 449 450
454 425 455
455 425 456
442 441 456
456 441 455
440 453 441
441 453 455
452 454 453
453 454 455
457 430 458
458 430 432
428 459 432
432 459 458
459 460 458
458 460 461
462 457 461
461 457 458
425 463 427
427 463 464
463 465 464
464 465 466
460 459 466
466 459 464
459 428 464
464 428 427
467 468 469
469 468 470
468 471 470
470 471 472
460 466 472
472 466 470
466 465 470
470 465 469
473 474 475
475 474 476
462 461 476
476 461 475
461 460 475
475 460 472
471 473 472
472 473 475
342 341 451
451 341 477
339 478 341
341 478 477
478 479 477
477 479 480
452 451 480
480 451 477
336 481 338
338 481 482
483 484 481
481 484 482
484 479 482
482 479 478
339 338 478
478 338 482
467 469 485
485 469 486
469 465 486
486 465 487
479 484 487
487 484 486
484 483 486
486 483 485
425 454 463
463 454 488
454 452 488
488 452 480
479 487 480
480 487 488
487 465 488
488 465 463
489 434 490
490 434 436
442 491 436
436 491 490
491 492 490
490 492 493
493 494 490
490 494 489
425 424 456
456 424 495
424 419 495
495 419 496
492 491 496
496 491 495
491 442 495
495 442 456
416 415 497
497 415 498
494 493 498
498 493 497
493 492 497
497 492 496
419 416 496
496 416 497
474 499 476
476 499 500
499 501 500
389 502 500
502 462 500
500 462 476
501 391 389
501 389 500
430 457 503
503 457 504
457 462 504
504 462 502
502 389 504
389 388 504
504 388 503
431 430 505
505 430 503
388 506 503
503 506 505
507 508 506
506 508 505
423 431 508
508 431 505
403 507 506
506 388 403
399 398 401
507 403 398
398 403 401
413 509 510
509 511 512
507 398 512
512 398 509
509 398 510
513 415 514
514 415 417
423 508 417
417 508 514
508 507 514
514 507 512
511 513 512
512 513 514
350 272 515
515 272 516
517 518 516
516 518 515
518 519 515
515 519 520
352 350 520
520 350 515
521 522 523
523 522 524
524 525 523
523 525 526
526 519 523
523 519 518
517 521 518
518 521 523
527 528 529
529 528 530
531 532 530
530 532 529
532 519 529
529 519 526
526 525 529
529 525 527
533 356 534
534 356 358
352 520 358
358 520 534
520 519 534
534 519 532
531 533 532
532 533 534
105 117 535
117 113 535
535 113 536
113 115 536
537 538 539
536 115 538
538 115 539
115 114 539
535 536 538
538 540 535
474 473 541
541 473 542
473 471 542
542 471 543
544 545 543
543 545 542
545 546 542
542 546 541
468 467 547
547 467 548
549 550 548
548 550 547
550 544 547
547 544 543
471 468 543
543 468 547
551 552 553
553 552 554
546 545 552
552 545 554
545 544 554
554 544 550
550 549 554
554 549 553
555 413 510
395 510 398
556 557 395
395 557 510
557 537 555
555 510 557
535 558 105
105 558 106
558 559 106
106 559 107
535 540 558
558 540 560
561 559 560
560 559 558
406 108 562
559 561 562
562 561 406
107 559 109
109 559 562
562 108 109
114 123 563
564 563 123
122 412 121
121 412 564
564 123 121
555 564 413
564 412 413
537 539 555
114 563 539
539 563 555
564 555 563
565 566 567
567 566 568
566 569 568
568 569 570
571 572 570
570 572 568
572 573 568
568 573 567
574 575 576
576 575 577
578 579 577
577 579 576
579 571 576
576 571 570
569 574 570
570 574 576
580 443 581
581 443 445
438 582 445
445 582 581
582 571 581
581 571 579
578 580 579
579 580 581
435 434 583
583 434 584
573 572 584
584 572 583
572 571 583
583 571 582
582 438 583
583 438 435
575 574 585
585 574 586
574 569 586
586 569 587
588 589 587
587 589 586
589 590 586
586 590 585
566 565 591
591 565 592
593 594 592
592 594 591
594 588 591
591 588 587
569 566 587
587 566 591
595 596 597
597 596 598
599 600 598
598 600 597
588 594 600
600 594 597
593 595 594
594 595 597
601 522 602
602 522 603
590 589 603
603 589 602
589 588 602
602 588 600
599 601 600
600 601 602
604 551 605
605 551 553
549 606 553
553 606 605
606 607 605
605 607 608
609 604 608
608 604 605
467 610 548
548 610 611
610 612 611
611 612 613
607 606 613
613 606 611
606 549 611
611 549 548
614 615 616
616 615 617
617 609 616
616 609 608
608 607 616
616 607 613
612 614 613
613 614 616
615 614 618
618 614 619
614 612 619
619 612 620
620 621 619
619 621 622
623 618 622
622 618 619
610 467 624
624 467 485
483 625 485
485 625 624
621 620 625
625 620 624
612 610 620
620 610 624
481 336 626
626 336 627
628 629 627
627 629 626
629 621 626
626 621 625
625 483 626
626 483 481
630 631 632
632 631 633
631 623 633
633 623 622
621 629 622
622 629 633
629 628 633
633 628 632
634 635 636
636 635 637
635 638 637
637 638 639
640 641 639
639 641 637
641 642 637
637 642 636
643 615 644
644 615 618
618 623 644
644 623 645
645 640 644
644 640 639
638 643 639
639 643 644
631 630 646
646 630 647
648 649 647
647 649 646
649 640 646
646 640 645
623 631 645
645 631 646
650 651 652
652 651 653
642 641 653
653 641 652
641 640 652
652 640 649
648 650 649
649 650 652
654 655 656
656 655 657
658 659 655
655 659 657
660 661 659
659 661 657
661 662 657
657 662 656
663 407 664
664 407 406
561 665 406
406 665 664
665 660 664
664 660 659
659 658 664
664 658 663
540 666 560
560 666 667
666 668 667
667 668 669
660 665 669
669 665 667
665 561 667
667 561 560
670 671 672
672 671 673
662 661 673
673 661 672
661 660 672
672 660 669
668 670 669
669 670 672
674 596 675
675 596 676
676 677 675
675 677 678
679 680 678
678 680 675
681 674 680
680 674 675
682 654 683
683 654 656
662 684 656
656 684 683
684 679 683
683 679 678
677 682 678
678 682 683
673 671 685
685 671 686
687 688 686
686 688 685
688 679 685
685 679 684
662 673 684
684 673 685
689 690 691
691 690 692
692 681 691
691 681 680
679 688 680
680 688 691
688 687 691
691 687 689
651 693 653
653 693 694
693 695 694
694 695 696
697 698 696
696 698 694
698 642 694
694 642 653
699 528 700
700 528 701
702 703 701
701 703 700
703 697 700
700 697 696
695 699 696
696 699 700
704 690 705
705 690 706
707 708 706
706 708 705
697 703 708
708 703 705
702 704 703
703 704 705
709 634 710
710 634 636
642 698 636
636 698 710
698 697 710
710 697 708
708 707 710
710 707 709
537 557 711
711 557 556
712 713 556
713 714 556
556 714 711
395 394 556
394 391 556
391 501 556
556 501 715
715 712 556
499 474 716
716 474 541
546 717 541
541 717 716
712 715 717
717 715 716
501 499 715
715 499 716
552 551 718
718 551 719
714 713 719
719 713 718
713 712 718
718 712 717
546 552 717
717 552 718
434 489 584
584 489 720
494 721 489
489 721 720
721 722 720
720 722 723
723 573 720
720 573 584
415 513 498
498 513 724
513 511 724
724 511 725
722 721 725
725 721 724
721 494 724
724 494 498
509 413 726
726 413 414
410 727 414
414 727 726
727 722 726
726 722 725
511 509 725
725 509 726
409 407 728
728 407 663
658 729 663
663 729 728
729 722 728
728 722 727
727 410 728
728 410 409
654 730 655
655 730 731
730 732 731
731 732 733
722 729 733
733 729 731
729 658 731
731 658 655
734 565 735
735 565 567
573 723 567
567 723 735
723 722 735
735 722 733
732 734 733
733 734 735
565 734 592
592 734 736
734 732 736
736 732 737
737 738 736
736 738 739
739 593 736
736 593 592
730 654 740
740 654 682
682 677 740
740 677 741
741 738 740
740 738 737
732 730 737
737 730 740
596 595 676
676 595 742
595 593 742
742 593 739
739 738 742
742 738 741
677 676 741
741 676 742
690 689 706
706 689 743
687 744 689
689 744 743
744 745 743
743 745 746
746 707 743
743 707 706
686 671 747
747 671 748
749 750 748
748 750 747
750 745 747
747 745 744
744 687 747
747 687 686
634 709 751
751 709 752
709 707 752
752 707 746
746 745 752
752 745 750
750 749 752
752 749 751
522 521 603
603 521 753
521 517 753
753 517 754
755 756 754
754 756 753
756 590 753
753 590 603
272 271 516
516 271 757
271 279 757
757 279 758
755 754 758
758 754 757
754 517 757
757 517 516
287 233 759
759 233 247
252 760 247
247 760 759
760 755 759
759 755 758
279 287 758
758 287 759
258 347 260
260 347 761
345 762 347
347 762 761
755 760 762
762 760 761
760 252 761
761 252 260
342 449 344
344 449 763
449 447 763
763 447 764
755 762 764
764 762 763
762 345 763
763 345 344
444 443 765
765 443 580
578 766 580
580 766 765
766 755 765
765 755 764
447 444 764
764 444 765
577 575 767
767 575 585
590 756 585
585 756 767
756 755 767
767 755 766
578 577 766
766 577 767
528 699 530
530 699 768
699 695 768
768 695 769
770 771 769
769 771 768
771 531 768
768 531 530
693 651 772
772 651 650
648 773 650
650 773 772
773 770 772
772 770 769
695 693 769
769 693 772
647 630 774
774 630 632
628 775 632
632 775 774
775 770 774
774 770 773
648 647 773
773 647 774
336 335 627
627 335 776
335 330 776
776 330 777
770 775 777
777 775 776
775 628 776
776 628 627
304 303 329
329 303 778
303 311 778
778 311 779
770 777 779
779 777 778
330 329 777
777 329 778
315 299 780
780 299 380
376 781 380
380 781 780
781 770 780
780 770 779
311 315 779
779 315 780
356 533 375
375 533 782
533 531 782
782 531 771
770 781 771
771 781 782
781 376 782
782 376 375
615 643 617
617 643 783
643 638 783
783 638 784
784 785 783
783 785 786
609 617 786
786 617 783
635 634 787
787 634 751
749 788 751
751 788 787
788 785 787
787 785 784
638 635 784
784 635 787
671 670 748
748 670 789
670 668 789
789 668 790
785 788 790
790 788 789
788 749 789
789 749 748
666 540 791
538 537 540
540 537 791
537 785 791
791 785 790
668 666 790
790 666 791
714 792 711
792 785 711
711 785 537
551 604 719
719 604 793
604 609 793
793 609 786
785 792 786
786 792 793
792 714 793
793 714 719
690 704 692
692 704 794
704 702 794
794 702 795
796 797 795
795 797 794
797 681 794
794 681 692
701 528 798
798 528 527
525 799 527
527 799 798
799 796 798
798 796 795
702 701 795
795 701 798
524 522 800
800 522 601
599 801 601
601 801 800
801 796 800
800 796 799
525 524 799
799 524 800
596 674 598
598 674 802
674 681 802
802 681 797
796 801 797
797 801 802
801 599 802
802 599 598
