1206
-20.578009 -14.426999 5.260962
-20.557396 -13.262863 4.418246
-19.626624 -15.162812 3.190438
-19.907271 -13.791657 2.823991
-20.012824 -12.043276 3.996889
-19.522297 -12.459593 2.640767
-19.358789 -12.598367 1.013417
-19.690563 -13.967924 0.910882
-19.309494 -15.408077 0.705811
-18.927414 -10.628705 3.856436
-17.284300 -8.879633 3.856437
-18.482568 -10.991817 2.579691
-16.798960 -9.213534 2.579691
-16.637184 -9.324827 1.047596
-18.334290 -11.112857 1.047596
-16.798960 -9.213534 -0.484500
-17.284300 -8.879633 -1.761246
-18.482572 -10.991817 -0.484500
-18.927418 -10.628705 -1.761246
-20.012824 -12.043267 -1.970056
-19.522301 -12.459593 -0.613933
-20.578009 -14.427004 -3.849340
-19.626624 -15.162807 -1.778815
-20.557396 -13.262859 -2.596484
-19.907271 -13.791657 -1.002226
-27.554814 -9.031081 5.260961
-25.324980 -9.385014 4.418246
-25.969178 -10.257426 6.503274
-24.241444 -10.266342 5.374801
-23.610026 -8.990236 3.996889
-22.792479 -9.684105 4.810564
-21.811425 -10.516753 5.081788
-22.941190 -11.323939 5.693652
-24.066416 -11.729040 6.917378
-22.189614 -7.965870 3.856437
-20.843436 -6.431046 3.856437
-21.448209 -8.571062 4.622483
-20.034544 -6.987543 4.622485
-19.063870 -7.655339 4.877833
-20.558516 -9.297290 4.877833
-18.093192 -8.323136 4.622484
-19.668824 -10.023518 4.622483
-20.830371 -11.349402 4.810563
-21.640937 -12.381535 5.374801
-22.163645 -13.200655 6.503274
-28.506200 -8.295269 -1.778815
-27.554814 -9.031081 -3.849335
-25.975110 -8.856211 -1.002226
-25.324990 -9.385009 -2.596484
-23.610026 -8.990231 -1.970056
-24.100558 -8.573909 -0.613933
-24.264065 -8.435135 1.013417
-26.191823 -8.679948 0.910882
-28.823330 -8.050003 0.705811
-20.843436 -6.431046 -1.761246
-21.328780 -6.097150 -0.484500
-22.189619 -7.965870 -1.761246
-22.634465 -7.602759 -0.484500
-21.490556 -5.985852 1.047596
-22.782747 -7.481718 1.047596
-21.328780 -6.097150 2.579691
-22.634465 -7.602759 2.579691
-24.100548 -8.573914 2.640767
-25.975110 -8.856216 2.823991
-28.506200 -8.295274 3.190441
-22.163645 -13.200655 -5.091653
-21.640941 -12.381530 -3.553038
-20.830371 -11.349397 -2.783731
-21.811425 -10.516749 -3.054953
-22.941195 -11.323934 -3.871890
-24.066416 -11.729040 -5.505755
-18.093197 -8.323136 -2.527295
-19.668829 -10.023513 -2.527295
-19.063870 -7.655344 -2.782643
-20.558516 -9.297285 -2.782643
-20.034544 -6.987543 -2.527295
-21.448209 -8.571058 -2.527295
-22.792484 -9.684100 -2.783731
-25.969178 -10.257426 -5.091653
-24.241444 -10.266338 -3.553038
0.214616 16.020098 4.501158
2.623533 22.512822 4.066364
2.115415 18.191280 2.845463
3.554831 22.692358 2.711601
6.197754 29.698134 3.910408
6.755515 29.336629 2.613546
6.961773 29.270159 1.043365
3.946121 22.967341 1.030144
2.619243 18.757248 1.002297
13.656339 42.724766 3.871327
13.949044 42.095798 2.588472
10.105487 36.771822 3.862392
10.480364 36.196308 2.583203
14.047840 41.888624 1.048913
10.605815 36.005462 1.048121
13.663325 42.734855 -1.774636
10.108281 36.775857 -1.766601
13.952632 42.102042 -0.490931
10.481799 36.198805 -0.487071
6.202696 29.697857 -1.820736
6.758703 29.336395 -0.525921
0.266672 16.004312 -2.469073
2.150071 18.180766 -0.834966
2.640508 22.507672 -1.993852
3.566147 22.688925 -0.647612
-5.117797 18.005898 4.622484
-6.224913 18.699794 3.856437
-1.136595 24.959754 4.622485
-2.074653 25.747483 3.856437
2.641397 33.489015 3.857793
3.417102 32.614289 4.624292
4.364873 31.565108 4.888651
0.056260 24.016574 4.913222
-3.649215 17.207794 4.953541
11.520458 47.357405 3.869991
12.004573 46.304361 4.640548
7.360636 41.000341 3.861858
7.983940 40.039245 4.629709
12.586796 45.040363 4.897520
8.732422 38.885792 4.885706
13.169821 43.776726 4.641060
9.481221 37.732484 4.629914
5.346313 30.517008 4.659731
1.383489 23.077578 4.764044
-1.900541 16.478829 4.925317
-6.224913 18.699794 -1.761246
-2.074651 25.747480 -1.761246
-6.889183 19.116130 -0.484500
-2.637486 26.220116 -0.484500
2.642465 33.488801 -1.763072
2.176758 34.013554 -0.485657
2.021297 34.188564 1.047303
-2.825100 26.377663 1.047596
-7.110607 19.254911 1.047596
7.364896 40.999486 -1.768551
11.531109 47.355268 -1.779514
6.989773 41.575815 -0.489126
11.237793 47.986273 -0.496066
11.137775 48.197523 1.044673
6.863833 41.768290 1.046428
11.231762 47.988180 2.585697
6.987360 41.576577 2.582092
2.176154 34.013744 2.580292
-6.889183 19.116134 2.579691
-2.637486 26.220119 2.579691
-1.880027 16.472611 -2.852097
1.394809 23.074145 -2.680755
5.350145 30.517064 -2.567509
4.366782 31.565435 -2.794364
0.059093 24.015716 -2.821007
-3.644087 17.206239 -2.863844
9.485222 37.736138 -2.534690
13.179820 43.785861 -2.545782
12.598820 45.045784 -2.803934
8.737231 38.887961 -2.791160
12.017016 46.305346 -2.548657
7.988919 40.039639 -2.535840
3.418349 32.614388 -2.529431
-1.136595 24.959754 -2.527295
-5.117797 18.005898 -2.527295
16.381219 45.859500 2.597250
16.159915 46.547847 3.886218
17.834212 48.744011 3.904457
17.994788 47.995046 2.608006
18.052272 47.753392 1.051840
16.457443 45.635013 1.050229
19.566952 50.267362 3.940544
19.637707 49.412207 2.629284
18.897227 49.816201 3.923435
19.007651 49.010070 2.619194
19.668227 49.141171 1.055030
19.049984 48.752523 1.053519
19.606400 50.324346 -1.836863
18.928650 49.861594 -1.821483
19.657970 49.447475 -0.520816
19.023792 49.038164 -0.513430
17.856736 48.776546 -1.804419
18.006358 48.015181 -0.505236
16.173884 46.568025 -1.788023
16.388394 45.871988 -0.497361
14.919653 50.479377 4.658610
14.558268 51.636154 3.883545
16.690912 54.301603 3.900146
16.946517 53.037959 4.680733
17.257392 51.520475 4.941318
15.355886 49.090555 4.917205
19.108078 56.652651 3.932993
19.204949 55.200479 4.724509
18.135232 55.818763 3.917421
18.302503 54.453771 4.703755
19.328460 53.455924 4.989025
18.509017 52.814229 4.966408
19.456499 51.713409 4.727414
18.719136 51.176313 4.706070
17.570853 50.004157 4.682393
15.793722 47.702456 4.659638
14.579569 51.631880 -1.797781
14.357043 52.324303 -0.507632
16.725255 54.294710 -1.820155
16.562711 55.050247 -0.521799
16.501284 55.305042 1.038174
14.278377 52.556941 1.041753
18.183150 55.809146 -1.843434
19.168231 56.640578 -1.864424
18.069975 56.624446 -0.536538
19.094024 57.507243 -0.549827
19.056605 57.801298 1.031095
18.022146 56.900328 1.034450
19.059959 57.518012 2.613611
18.042839 56.633025 2.606711
16.543260 55.056395 2.599058
14.344980 52.328117 2.591702
15.813723 47.720727 -2.564269
17.603100 50.033617 -2.586914
17.296165 51.537959 -2.851303
15.379933 49.101398 -2.825225
18.764127 51.217416 -2.610474
19.512981 51.765008 -2.631712
19.396370 53.486545 -2.902899
18.563113 52.838622 -2.878438
19.275234 55.206041 -2.647958
18.358491 54.458202 -2.623413
16.986645 53.041135 -2.596186
14.944540 50.481347 -2.570019
-19.935433 -4.211478 -0.484500
-19.351174 -4.504886 -1.761246
-17.773225 -2.254606 -1.761246
-18.481909 -2.001820 -0.484500
-18.718135 -1.917558 1.047596
-20.130188 -4.113679 1.047596
-14.601881 2.949400 -1.761246
-15.504181 3.165154 -0.484500
-16.169993 0.252561 -1.761246
-16.995665 0.475750 -0.484500
-15.804946 3.237076 1.047596
-17.270886 0.550146 1.047596
-14.601886 2.949400 3.856437
-16.169993 0.252561 3.856437
-15.504181 3.165154 2.579691
-16.995665 0.475750 2.579691
-17.773225 -2.254606 3.856438
-18.481909 -2.001820 2.579691
-19.351174 -4.504886 3.856437
-19.935433 -4.211478 2.579691
-18.377406 -4.993897 4.622485
-16.592089 -2.675915 4.622485
-15.133506 -3.163462 4.886709
-17.208888 -5.580707 4.877833
-14.793870 -0.119410 4.622483
-13.098051 2.589807 4.622485
-11.006905 2.297878 4.953711
-12.977673 -0.493689 4.913336
-4.724483 2.909531 4.504135
-8.975884 -0.919962 4.067746
-8.342668 2.285089 4.925994
-10.831763 -0.723772 4.764494
-12.291424 -3.992329 3.909263
-13.592502 -3.614960 4.657987
-15.066597 -6.656533 3.856436
-16.040365 -6.167517 4.622483
-14.482338 -6.949935 2.579691
-11.552631 -4.257465 2.613487
-11.323659 -4.362016 1.044459
-14.287583 -7.047739 1.047596
-8.029763 -1.192546 2.714872
-3.913175 2.096829 2.853894
-3.694936 1.867685 1.014947
-7.783579 -1.348105 1.035053
-3.906247 2.094774 -0.821002
-4.709548 2.905068 -2.458692
-8.027503 -1.193218 -0.642534
-8.972494 -0.920973 -1.989761
-12.290580 -3.992577 -1.818374
-11.552064 -4.257632 -0.524009
-15.066601 -6.656528 -1.761246
-14.482338 -6.949935 -0.484500
-16.040370 -6.167517 -2.527295
-13.591935 -3.615132 -2.565096
-15.133368 -3.163505 -2.792094
-17.208888 -5.580707 -2.782643
-8.335737 2.283015 -2.848711
-10.829503 -0.724449 -2.678497
-11.005170 2.297354 -2.862998
-12.977106 -0.493860 -2.820445
-13.098051 2.589807 -2.527295
-14.793870 -0.119410 -2.527295
-16.592089 -2.675915 -2.527295
-18.377406 -4.993897 -2.527295
-6.693312 5.185730 -3.056949
-3.138115 6.206465 -3.218313
-2.109644 9.135501 -3.437634
-5.405008 8.258891 -3.171137
-8.013303 8.224168 -2.943604
-9.482633 5.079253 -2.915056
-1.109449 12.218880 -3.225227
-3.973605 11.777689 -3.059206
-6.201002 12.104444 -2.915621
-7.967164 12.682981 -2.527295
-9.246790 13.270006 -1.761246
-11.446258 9.084255 -1.761246
-10.022074 8.599999 -2.527295
-13.129298 5.768676 -1.761246
-11.619913 5.365944 -2.527295
-14.034926 6.010313 -0.484500
-12.300765 9.374809 -0.484500
-12.585603 9.471659 1.047596
-14.336802 6.090860 1.047596
-10.014564 13.622222 -0.484500
-10.270488 13.739629 1.047596
-9.246790 13.270008 3.856437
-10.014564 13.622227 2.579691
-11.446258 9.084258 3.856438
-12.300765 9.374814 2.579691
-13.129298 5.768676 3.856437
-14.034926 6.010318 2.579691
-11.619913 5.365944 4.622485
-10.022074 8.600001 4.622485
-8.019454 8.226032 5.031297
-9.486734 5.080490 5.003829
-7.967164 12.682981 4.622483
-6.207365 12.106373 5.003715
-1.179470 12.240085 5.242772
-3.999068 11.785397 5.126016
-2.173087 9.154680 5.454880
-5.429622 8.266334 5.236334
-3.180410 6.219210 5.244154
-6.709720 5.190677 5.126466
0.797706 5.462684 3.000595
0.787831 6.571622 4.663753
5.634526 9.846124 5.025601
5.579313 8.695950 3.170363
5.595337 8.327303 0.936603
0.914672 5.159054 0.979714
13.528465 15.282655 5.843564
13.484951 13.959865 3.576904
9.970513 12.820329 5.448378
9.908074 11.587572 3.378586
13.482786 13.515320 0.854454
9.897149 11.173756 0.892863
13.651884 15.245766 -4.154346
10.069390 12.790775 -3.678422
13.534318 13.945222 -1.872921
9.947625 11.575837 -1.596802
5.705183 9.825005 -3.162447
5.607448 8.687606 -1.299346
0.830124 6.558976 -2.706204
0.814112 5.457816 -1.040342
2.414232 13.990447 5.607374
3.012713 16.273322 4.655320
6.673830 18.655395 5.011513
6.392024 16.640587 6.120386
6.112488 14.233615 6.486077
1.829649 11.324837 5.904209
13.970993 24.946730 5.818955
13.824416 22.764280 7.193715
10.527278 21.831407 5.428662
10.363886 19.794595 6.682367
13.700360 20.129614 7.654430
10.209344 17.337823 7.102240
13.600989 17.487488 7.203559
10.074578 14.875073 6.690254
5.836120 11.830406 6.125996
1.209665 8.688786 5.610647
3.153456 16.230640 -2.734271
3.756421 17.736280 -1.070805
6.913293 18.582773 -3.210197
7.097686 19.839456 -1.350089
7.134114 20.287819 0.894148
4.041522 18.300118 0.953655
10.863459 21.729452 -3.745456
14.390629 24.819466 -4.238017
10.886348 22.974276 -1.667777
14.384775 26.157318 -1.961515
14.288200 26.631987 0.780625
10.818172 23.412227 0.833718
14.137930 26.232211 3.527684
10.688594 23.034277 3.339154
6.957010 19.882138 3.142058
3.674382 17.761171 2.983222
1.296800 8.662538 -3.664496
5.978068 11.787655 -4.277671
6.325410 14.169254 -4.655328
1.960350 11.285331 -3.970840
10.272331 14.815521 -4.940012
13.847831 17.413153 -5.538950
14.070626 20.017693 -6.019354
10.505974 17.248158 -5.375660
14.268735 22.629695 -5.588172
10.719842 19.686775 -4.979444
6.646510 16.563501 -4.305721
2.566999 13.944177 -3.680857
-12.625453 45.347182 -11.660185
-11.696107 42.581100 -20.177994
-18.241846 36.789460 -11.163478
-16.618067 33.428151 -19.339419
-22.761976 22.919824 -18.075133
-25.061638 26.582426 -10.418325
-25.825984 27.789724 -1.300321
-18.779952 37.890511 -1.406322
-12.931401 46.245671 -1.465793
-33.431703 4.721164 -14.039474
-36.105096 7.379901 -8.036089
-28.943154 13.072471 -16.294857
-31.587769 16.384077 -9.374965
-36.995546 8.261995 -0.859015
-32.467953 17.479639 -1.125064
-33.424947 4.679627 12.315418
-28.929641 12.989392 14.032683
-36.102387 7.363286 6.316553
-31.582362 16.350846 7.121825
-22.739894 22.784128 15.458831
-25.052807 26.528147 7.813769
-16.586520 33.234299 16.514738
-11.657807 42.345708 17.240393
-18.229229 36.711919 8.347830
-12.610132 45.253026 8.727095
-14.877245 -16.881829 -14.039469
-12.490322 -20.114818 -8.036087
-17.312381 -17.206884 -11.349860
-15.026218 -19.490986 -6.404400
-11.694009 -21.196633 -0.859015
-14.263894 -20.254021 -0.480643
-16.472327 -18.805480 -0.052212
-17.110984 -18.279615 -4.682537
-19.026734 -16.703263 -8.543392
-14.870483 -16.923366 12.315416
-17.309677 -17.223501 10.386161
-12.487618 -20.131431 6.316552
-15.025136 -19.497633 5.442509
-19.026057 -16.707421 8.438370
-17.110707 -18.281279 4.577965
-20.091531 -15.675225 6.665484
-18.669488 -16.747847 3.801186
-18.195473 -17.105379 0.364027
-18.669488 -16.747837 -3.073130
-20.091531 -15.675221 -5.937429
-34.495007 -1.315632 10.386164
-28.962542 0.206861 15.962384
-30.491053 -4.756255 13.371415
-33.179938 -5.358057 8.438370
-29.938595 -7.893758 10.759376
-26.063716 -10.962816 11.535029
-25.745231 -8.989887 14.374437
-23.754946 -5.422664 17.197890
-30.519835 -7.809320 6.665486
-28.149764 -9.597025 8.384064
-25.305683 -11.742268 8.956924
-22.461602 -13.887515 8.384064
-22.218301 -14.084325 10.759375
-21.117241 -13.433275 13.371412
-18.841922 -11.576591 15.962382
-36.898457 0.755386 -6.404403
-34.497716 -1.299019 -11.349862
-33.180606 -5.353909 -8.543394
-35.125005 -3.834982 -4.682539
-35.773079 -3.329087 -0.052212
-37.698437 1.438522 -0.480643
-30.519835 -7.809324 -5.937431
-31.941878 -6.736698 -3.073130
-32.415892 -6.379156 0.364027
-31.941878 -6.736694 3.801188
-35.124742 -3.836642 4.577966
-36.897380 0.748739 5.442512
-28.976061 0.289941 -17.693968
-30.496470 -4.723025 -14.338124
-23.772523 -5.314656 -18.933988
-25.752265 -8.946686 -15.342954
-26.065480 -10.952015 -11.641257
-29.939949 -7.885452 -10.865152
-18.855449 -11.493507 -17.693964
-21.122653 -13.400045 -14.338122
-22.219655 -14.076009 -10.865150
-22.461602 -13.887515 -7.656007
-25.305688 -11.742273 -8.228870
-28.149764 -9.597025 -7.656010
-10.492026 57.256331 -23.112469
-10.681206 56.124615 -22.562366
-10.959355 59.848135 -13.273111
-11.142117 58.485733 -12.950588
-10.570366 55.087135 -22.084642
-11.004473 57.199985 -12.688184
-11.091477 57.930760 -1.347564
-11.218983 59.310437 -1.311274
-11.023089 60.751636 -1.320501
-9.417962 52.773611 -21.341153
-9.869279 54.914870 -12.315398
-10.101763 53.813175 -21.665736
-10.551717 55.924836 -12.473908
-9.998445 55.618689 -1.466120
-10.663659 56.636545 -1.406975
-9.806840 54.853300 9.380643
-9.295851 52.586937 18.398851
-10.444862 55.912466 9.654924
-9.902610 53.716755 18.831654
-10.282213 55.083768 19.357215
-10.845892 57.238881 9.984982
-10.048734 57.291927 20.424276
-10.710465 59.916384 10.620312
-10.307357 56.161641 19.895166
-10.933501 58.551488 10.316872
-9.142021 48.124156 17.675786
-9.694010 50.502331 8.954653
-8.349168 51.204262 17.936762
-8.740253 53.264060 9.095861
-8.876096 53.972285 -1.513401
-9.881880 51.318872 -1.501475
-8.589243 52.220647 18.139169
-9.008252 54.342440 9.216073
-9.158773 55.068079 -1.501608
-8.661515 52.439321 -21.146408
-9.042598 54.424671 -12.220293
-8.394949 51.429243 -20.965176
-8.759920 53.352743 -12.123070
-9.180772 48.362317 -20.681143
-9.709508 50.597595 -11.958204
-5.983028 33.569906 -31.076551
-6.895453 39.735629 -30.498906
-7.103855 41.601417 -31.722241
-7.637226 43.009667 -31.053048
-7.737877 44.729029 -29.438458
-8.405272 46.426553 -29.869500
-8.989250 48.584320 -29.550581
-8.735458 47.660726 -30.600424
-8.414585 47.646066 -31.206637
-8.643104 49.226677 -26.717358
-9.306533 50.337401 -27.102328
-9.774663 51.632790 -27.584711
-9.593875 53.026674 -28.713513
-9.814550 52.274328 -28.107920
-5.613507 36.702518 -33.222843
-6.906628 43.716474 -32.946358
-8.199257 49.436167 -32.069579
-8.020202 51.229377 -32.066565
-7.112703 48.399028 -33.199521
-5.807835 43.193933 -33.993021
-9.280314 54.654490 -29.443036
-10.060589 58.812996 -23.748503
-9.398691 60.148039 -24.427615
-8.727547 55.696960 -30.216990
-8.518142 60.614882 -25.106946
-7.596680 60.525375 -25.896154
-7.789244 54.693270 -30.955859
-6.650960 52.099439 -31.885167
-10.147197 37.970962 -25.341149
-8.299545 44.636852 -25.935894
-7.784392 48.225593 -26.271763
-7.443399 44.761236 -28.226424
-7.417361 41.055632 -28.705030
-8.422367 33.647386 -28.198882
-8.017318 49.139138 -26.486378
-7.346546 44.688826 -29.131012
-6.885747 39.253088 -29.971133
-6.965243 31.740987 -29.800425
-3.781206 -1.821962 -27.664948
-2.213749 -12.823920 -21.884895
-6.921598 -3.243299 -25.279427
-4.938938 -13.278165 -20.022173
-8.160722 -13.875194 -18.245821
-10.809952 -4.652796 -23.038002
-13.693597 8.440614 -25.532570
-8.359634 8.853841 -28.131056
-5.200087 10.903621 -30.600014
-11.650092 -15.423837 -16.294854
-15.102894 -7.990313 -20.551720
-19.532716 0.355663 -22.014394
-24.535472 7.553127 -20.551720
-18.929207 16.815488 -22.805624
-13.911769 27.825970 -24.349914
-10.788886 22.773566 -27.329460
-5.694844 22.675662 -31.388979
-7.915360 21.061587 -29.412556
-9.065119 52.827821 25.966332
-9.362241 52.093653 25.384910
-9.414942 51.424840 24.816904
-8.609754 48.156684 26.736282
-8.283745 47.172781 27.800030
-7.891099 47.112475 28.377329
-9.044167 50.013575 24.243080
-8.466858 48.787834 23.762470
-7.509872 44.000719 26.469580
-8.089220 45.837794 26.985310
-5.664708 32.461128 28.060998
-6.658131 40.734307 28.788111
-6.614911 38.770319 27.518263
-7.257454 42.224279 28.154453
-6.205274 51.693220 28.600128
-7.210561 60.315139 22.546276
-7.251412 54.330779 27.776429
-8.063719 60.462881 21.892325
-8.909594 60.088484 21.407565
-8.142239 55.431012 27.194609
-7.442395 50.766297 29.044175
-6.569857 47.798186 30.080443
-5.372259 42.548575 30.792928
-9.577038 58.816187 20.923312
-8.702633 54.435149 26.580404
-7.621929 48.918741 29.144521
-5.220601 35.804391 30.121994
-6.400515 42.929153 29.923889
-6.759025 30.769250 26.813682
-6.687662 38.333072 26.961545
-7.184669 43.961620 26.116392
-7.319261 44.117287 25.205104
-7.286457 40.325492 25.694548
-8.290374 32.910130 25.238828
-7.899956 48.675593 23.474104
-7.699627 47.769082 23.241337
-8.222040 44.160531 22.927523
-10.070593 37.500180 22.396017
-7.879047 65.491142 11.634053
-7.379128 67.196634 12.153863
-6.521277 60.021024 23.538099
-5.802352 61.892268 24.676716
-6.733627 69.894810 12.763563
-7.088224 72.576549 -1.682997
-7.729127 69.611711 -1.713920
-8.184025 67.239399 -1.700874
-4.860279 68.240609 25.771047
-2.800957 75.286469 26.664537
-5.550615 74.233560 13.358669
-3.157927 78.424248 13.848509
-3.288867 79.461398 -1.577914
-5.806843 76.233170 -1.630567
-3.186127 78.383107 -16.999422
-2.842070 75.174551 -29.800683
-5.615894 74.229312 -16.609965
-4.964711 68.211868 -28.992815
-5.992119 61.968357 -27.986112
-6.847331 69.935174 -16.115406
-6.812059 60.191364 -26.904879
-7.547895 67.274029 -15.566438
-8.098804 65.578089 -15.022829
-1.273274 -19.425097 -12.560940
-3.749344 -19.299088 -11.523779
-0.955803 -21.643286 -1.466775
-3.349597 -21.323147 -1.406711
-6.039116 -21.266108 -1.300419
-6.571185 -19.408636 -10.508399
-2.173933 -13.001914 18.937450
-4.906790 -13.449059 17.193560
-1.257347 -19.496293 9.623918
-3.736483 -19.367442 8.706558
-8.138489 -14.005156 15.628535
-6.562289 -19.460616 7.903451
-11.636569 -15.506916 14.032681
-9.572999 -19.917183 7.121824
-8.886499 -21.378970 -1.125064
-9.578411 -19.883957 -9.374962
-10.450870 61.353246 -13.667746
-10.480687 62.230410 -1.397620
-9.729540 63.761680 -1.509097
-9.722797 62.848053 -14.102240
-10.179564 61.399667 10.865018
-9.448580 62.853601 11.083586
-8.625302 64.130444 11.308611
-8.907410 65.360367 -1.621387
-8.881275 64.179549 -14.544349
-6.857301 -3.585086 22.431822
-3.701579 -2.177954 24.700137
-5.060403 10.308642 27.611683
-8.250496 8.291931 25.250043
-13.625304 8.038327 22.832596
-10.765492 -4.912710 20.400159
-5.470535 21.790924 28.371795
-7.748853 20.249457 26.476923
-10.681016 22.163443 24.456713
-13.848678 27.438266 21.510175
-18.885047 16.544096 20.169748
-24.508435 7.386968 18.274490
-19.497568 0.139656 19.728130
-15.075852 -8.156471 18.274488
19.826295 57.268278 3.944489
19.810863 58.171366 2.618706
19.820309 58.466451 1.028616
20.350171 59.200986 0.996513
20.331549 58.890282 2.772433
20.323441 57.937495 4.249221
19.895480 57.254394 -1.879917
19.850044 58.158978 -0.559638
20.400036 57.919740 -2.247518
20.374577 58.875507 -0.777236
20.881607 60.481624 -5.469440
20.875364 61.686349 -2.680865
20.717032 58.905768 -3.324824
20.704168 59.952680 -1.413889
20.856027 62.099001 0.721416
20.683105 60.310104 0.904281
20.788754 60.524066 6.927608
20.633075 58.932142 5.144490
20.826267 61.713576 4.127531
20.658016 59.971953 3.225228
20.061387 50.600437 3.953175
20.000867 52.109927 4.743171
19.933426 53.929662 5.005723
20.348588 54.386685 5.389918
20.373095 52.386068 5.030661
20.399228 50.704016 4.113925
19.871193 55.751745 4.739830
20.330578 56.336728 5.125577
20.746162 58.524470 8.511772
20.612453 57.184584 6.257605
20.708191 55.855539 8.754462
20.598617 54.978230 6.515026
20.684543 52.658022 7.530114
20.679931 49.777038 5.490174
20.594035 52.562033 5.867203
20.599176 50.466687 4.575393
20.102855 49.709091 2.636733
20.422115 49.709668 2.705826
20.440265 49.394824 1.049590
20.124652 49.428094 1.056149
20.614513 49.222888 2.900848
20.699069 48.057697 3.286085
20.733066 47.493818 0.984311
20.636069 48.822889 1.028070
20.810089 49.807716 -3.646422
20.681943 50.523309 -2.574173
20.773037 48.079219 -1.348677
20.659871 49.258945 -0.858436
20.456386 50.770848 -2.034379
20.452185 49.751284 -0.611556
20.106759 50.665979 -1.848221
20.126160 49.749654 -0.526271
20.065831 52.169275 -2.647396
20.451376 52.445317 -2.975655
20.439178 54.419845 -3.360248
20.011535 53.964883 -2.920959
20.698313 52.608235 -3.934632
20.835337 52.673128 -5.842457
20.854196 55.844488 -7.213042
20.709874 54.997644 -4.648397
20.872085 58.490828 -7.034433
20.717524 57.175456 -4.424062
20.421817 56.339587 -3.113029
19.952031 55.758142 -2.666078
16.181808 16.979456 -4.490440
16.372815 19.247575 -5.961917
17.844029 17.604484 -5.168257
18.031996 20.167570 -6.850811
18.248003 23.255415 -7.441535
16.587948 21.973510 -6.473926
18.823417 16.733494 -6.669357
19.304841 13.979125 -9.475294
19.010093 20.021915 -8.847542
19.491818 18.659401 -12.594011
19.739859 24.339884 -13.814984
19.240857 24.003215 -9.624343
20.372707 35.548852 -9.345880
19.633272 31.211532 -6.569129
20.035237 30.148798 -12.709008
19.485127 28.055032 -8.786269
18.555775 28.918185 -5.219422
18.444900 26.367689 -6.880329
16.881481 27.001602 -4.585863
16.774929 24.707954 -6.018048
20.560242 68.224134 -36.246562
20.556893 74.393711 -39.633198
20.634152 70.438957 -34.719563
20.596225 75.244849 -38.606930
20.284285 77.811656 -40.790883
20.432171 77.935090 -39.743462
20.532317 77.484061 -37.582021
20.622308 75.838756 -36.621843
20.679463 71.985307 -32.517767
19.475880 79.374728 -39.374342
17.508326 80.155306 -34.104062
19.997647 79.158253 -37.514625
19.490183 79.565415 -30.547805
20.324792 78.593573 -28.249908
20.450412 78.272009 -35.434051
20.706692 74.250607 -22.896095
20.700737 73.275440 -29.022980
20.638514 76.913538 -25.929475
20.634843 76.423790 -32.837663
16.242772 61.526421 -42.369109
12.216774 61.832678 -43.244582
16.168928 71.990523 -43.066102
11.924547 72.356848 -43.523379
7.756637 60.974197 -43.594008
7.150322 71.222744 -43.642679
6.740747 76.916315 -42.388573
11.844023 78.012705 -42.565008
16.247494 77.561395 -42.588764
1.795681 53.085751 -43.065672
0.173372 58.225503 -42.793732
4.014324 57.714728 -43.474985
3.001149 67.019932 -43.390880
-1.284696 63.708973 -41.197200
2.056490 72.676296 -41.976748
-2.249054 69.820914 -37.366400
1.528264 76.583040 -38.070775
1.263550 79.109049 -30.285407
6.535078 80.762343 -30.828562
6.585110 79.679513 -38.612834
12.155441 80.881414 -31.811753
12.014857 80.332742 -39.299856
16.590354 79.768772 -40.181680
20.706042 74.852071 -12.798031
20.638003 77.221589 -14.572371
20.228411 78.795018 -15.990990
20.185173 78.877444 -1.196864
20.632829 77.344370 -0.994092
20.697766 75.075114 -0.717950
16.588090 80.527665 -18.403821
19.107307 79.807663 -17.470389
16.346098 80.642600 -1.434553
18.945492 79.897094 -1.340316
17.497205 80.236020 31.208313
19.476736 79.640867 27.862764
16.583253 80.563059 15.528545
19.101214 79.845810 14.784470
20.305210 78.683347 25.842873
20.218989 78.841944 13.592886
20.606561 77.019834 23.915027
20.654252 74.367127 21.431601
20.622509 77.278309 12.577624
20.680843 74.915035 11.354982
1.109424 80.623202 -17.233091
1.061800 81.141076 -1.546324
6.384681 81.646819 -1.521633
6.442331 81.414823 -17.548848
1.269725 79.250259 27.200631
1.116596 80.678239 14.142413
6.526478 80.896435 27.783588
6.439961 81.468210 14.505098
12.144013 80.989435 28.817669
11.979175 81.266837 15.201282
11.819304 81.353249 -1.489685
11.984158 81.223180 -18.184529
18.682670 61.291672 -40.909987
18.728568 71.692042 -42.303963
18.832336 77.158308 -42.542553
19.755697 75.761227 -42.067109
20.031213 71.896000 -41.405926
19.948719 62.101402 -39.236255
19.084441 79.213640 -41.308165
20.166174 77.394123 -41.740766
20.504605 73.036992 -40.540934
20.453171 64.928586 -37.716952
20.721740 70.442023 17.744970
20.763062 71.512241 9.541263
20.786008 66.297145 13.638582
20.837452 67.775988 7.508763
20.870847 68.249573 0.042176
20.789296 71.846919 -0.354405
20.824040 62.985112 9.895883
20.872299 64.412343 5.629781
20.905849 64.872880 0.417413
20.924709 64.372368 -4.789429
20.928897 62.916454 -9.038961
20.892163 66.202023 -13.535047
20.888362 67.723164 -7.419618
20.804668 70.330090 -18.459354
20.802484 71.451163 -10.251465
20.797891 68.488807 -23.287511
20.884418 63.691413 -16.962553
20.861716 58.898358 -18.103529
20.765362 65.983126 -26.208749
20.918433 60.510784 -11.379395
20.902717 57.106589 -11.481808
20.867487 48.508427 -5.429969
20.891145 52.655098 -9.017277
20.835952 46.037099 -7.297645
20.861923 51.255666 -12.371328
20.535355 40.929593 -17.013674
20.697299 41.805392 -8.622294
20.743852 47.176356 -14.816843
20.554126 48.215940 -24.379530
20.736302 54.469623 -21.680222
20.560872 58.406164 -30.976248
20.690289 62.868852 -28.695899
0.696643 -19.656449 -13.759723
-0.214156 -11.703625 -24.094944
1.556185 -12.477789 -26.269908
2.427221 -20.850044 -14.939690
2.720075 -23.646317 -1.521874
1.004420 -22.319727 -1.503442
3.593620 -17.706928 -28.027368
5.745917 -23.937946 -29.317961
4.185279 -23.862772 -15.920401
5.978204 -27.146101 -16.654645
6.044691 -28.215919 -1.526247
4.380182 -25.916901 -1.527231
5.951551 -27.148571 13.600176
5.704952 -23.945241 26.257593
4.182847 -23.871765 12.862004
3.597801 -17.729850 24.957159
1.588116 -12.533298 23.205085
2.438968 -20.872202 11.890674
-0.172381 -11.826992 21.069904
0.713352 -19.705792 10.748301
16.041055 17.021525 6.122640
16.091305 19.332351 7.566051
16.165682 22.101152 8.044382
17.799269 23.394432 8.886039
17.734214 20.259838 8.330290
17.695138 17.650280 6.684179
16.268208 24.861443 7.554825
16.402912 27.146740 6.094574
18.037190 29.076762 6.642909
17.900654 26.535146 8.307369
19.811898 35.732182 10.368710
19.508763 30.338471 13.462494
19.087987 31.382119 7.851344
18.927145 28.234453 9.993025
19.336022 24.496742 14.457507
18.795087 24.151459 10.793346
19.175212 14.030812 10.248925
18.677572 16.782262 7.926750
19.232562 18.763392 13.274257
18.718403 20.120125 10.048838
20.616972 73.426680 27.522741
20.584507 76.565366 30.790376
20.419191 78.396487 33.017703
20.486613 77.628627 35.209443
20.555343 76.002035 34.501085
20.565404 72.158794 30.926849
19.974324 79.269314 34.853360
19.454371 79.488864 36.562254
20.242633 77.956242 38.110525
20.389572 78.078799 37.199535
20.416117 68.423795 34.242759
20.495951 70.628576 32.942371
20.477255 74.569540 37.206653
20.518071 75.416970 36.344563
20.208848 35.334182 -3.747588
20.581000 39.173071 -3.613115
20.760444 43.056818 -3.015280
20.664549 42.135489 0.828547
20.440815 38.559488 0.757174
20.038301 35.179633 0.710568
20.815509 46.018688 -2.164047
20.752264 45.189142 0.911035
20.660191 48.523658 7.010867
20.694806 46.023046 3.925824
20.526949 46.108988 8.601489
20.577420 43.093778 4.586623
20.267196 41.935467 9.726059
20.322602 39.244739 5.035052
19.892941 35.430959 5.090353
16.010905 15.635156 3.716955
17.671693 16.084680 3.991757
17.678767 15.558324 0.772538
16.014930 15.168910 0.827326
18.653074 14.779680 4.594330
19.140803 11.191387 5.717693
19.142296 10.239825 0.424172
18.659492 14.107363 0.651135
19.192655 11.170833 -4.888030
18.711412 14.760306 -3.303278
17.731249 16.066496 -2.453969
16.067205 15.618455 -2.067914
16.573817 28.490562 3.660824
16.738699 28.905750 0.743129
18.377956 30.758298 0.718097
18.207701 30.414066 3.941283
16.855329 28.405150 -2.168952
18.513721 30.320697 -2.511042
19.575657 32.506882 -3.208743
19.414252 32.714414 0.702393
19.251025 32.607467 4.571778
15.993243 -12.402354 -42.609377
13.647850 -12.125349 -43.340683
16.309107 4.433956 -41.390520
13.535101 4.703901 -42.853146
10.845724 -10.728302 -43.618031
10.225201 5.582931 -43.475123
9.340981 25.046327 -43.377529
13.169713 24.794061 -42.546888
16.412458 24.538729 -40.624886
7.995458 -7.060018 -43.474985
5.817452 -2.227965 -43.065672
6.893752 7.678978 -43.390880
4.119027 9.017610 -42.793732
2.384175 25.383087 -42.554036
5.581530 25.252201 -43.306776
1.630734 41.802194 -42.793732
4.748085 42.861468 -43.390880
8.502491 44.546069 -43.461390
12.681050 44.907701 -42.798229
16.357148 44.639354 -41.253224
5.367385 -7.186308 -42.793732
8.197354 -16.166597 -43.390880
10.893120 -20.771551 -43.670135
10.610939 -26.223450 -42.353764
8.000446 -21.601801 -41.945029
5.102969 -12.530556 -41.117893
13.378596 -22.456274 -43.633214
15.411003 -22.697592 -43.340683
14.709193 -28.070307 -42.384377
12.879421 -27.882233 -42.457505
14.034612 -30.139075 -38.540359
13.464981 -30.485564 -30.608554
12.302416 -29.996600 -38.540359
11.772034 -30.377984 -30.608550
9.886773 -29.659901 -30.479494
10.242728 -28.760634 -38.391238
7.860852 -27.717748 -30.092316
7.905744 -25.326686 -37.943883
5.341659 -18.590269 -37.049175
20.333409 65.132229 35.501461
20.437459 73.219104 37.973189
20.129790 77.552557 38.961049
19.720401 75.943112 39.261444
19.981524 72.095570 38.707799
19.864374 62.321186 36.808455
16.573783 79.929077 37.218376
19.063794 79.360146 38.409289
16.224759 77.800839 39.611846
18.807975 77.350898 39.633548
16.137070 72.299952 40.125906
16.199392 61.879428 39.515708
18.692293 71.928849 39.474108
18.625567 61.557981 38.253716
12.168262 62.322345 40.272905
11.883165 72.789874 40.516984
11.812677 78.344550 39.545061
6.701966 77.335272 39.342020
7.098532 71.764951 40.600912
7.698892 61.578909 40.561356
11.994071 80.546541 36.288776
6.562548 79.948947 35.566071
1.517108 76.872716 34.995841
-2.225591 70.062876 34.254852
-1.291613 64.099240 38.110289
2.022868 73.126249 38.911547
1.752864 53.654519 39.999283
3.958004 58.341307 40.417113
0.141204 58.741349 39.721685
2.951124 67.591517 40.331256
15.897744 -12.182064 39.713594
16.235882 4.708471 38.649485
13.569171 -11.894732 40.352060
13.479431 5.025182 39.926416
16.344445 24.861117 37.982749
13.118419 25.204118 39.659721
9.295216 25.523746 40.365133
10.179752 5.937204 40.453271
10.784856 -10.496021 40.581145
16.300400 44.992293 38.536407
12.630688 45.381799 39.881186
8.449693 45.118077 40.441962
4.699631 43.448415 40.331256
1.599677 42.321550 39.721685
2.368844 25.793607 39.476997
5.543865 25.739645 40.245401
4.102505 9.323349 39.721685
5.791751 -2.004872 39.999283
6.858569 8.041801 40.331256
7.953230 -6.825767 40.417113
18.173118 -20.228691 -27.153740
18.880729 -9.762783 -23.698926
18.066657 -22.190342 -15.260041
18.780390 -13.488016 -13.131204
19.330952 1.194577 -19.218212
19.220205 -3.699198 -10.441204
19.175666 -5.324774 -0.386434
18.738130 -14.724212 -0.816370
18.016529 -22.838927 -1.170817
19.473171 8.954015 -14.067624
19.359940 4.769039 -7.480407
19.312371 3.379507 0.052695
19.374915 9.009268 14.049277
19.320638 4.791040 7.554866
19.261547 1.251616 18.294729
19.191417 -3.676415 9.630680
18.819977 -9.708152 21.952207
18.095164 -20.178490 24.755117
18.751982 -13.466029 11.469969
18.025206 -22.169838 12.904160
13.078018 -30.691476 -17.388878
14.587794 -30.776634 -17.388878
14.913963 -30.596233 -30.608550
16.163656 -29.631725 -30.263072
15.933150 -29.974513 -17.175994
15.816662 -30.083466 -1.489821
14.428864 -30.830989 -1.525264
12.894452 -30.754185 -1.525264
17.258734 -26.513777 -29.226628
17.105174 -27.399130 -16.537343
17.027628 -27.689057 -1.383486
17.033969 -27.379875 13.764673
17.132067 -26.467877 26.436863
15.979365 -29.587975 27.277736
15.827599 -29.955616 14.194930
14.685736 -30.550485 27.558027
13.220410 -30.439568 27.558027
14.455429 -30.756531 14.338349
12.935007 -30.671091 14.338349
5.349227 -7.067471 39.721684
8.137327 -16.043725 40.331256
5.086849 -12.519441 38.041318
7.918003 -21.557336 38.883960
10.465003 -26.144333 39.302151
10.792086 -20.630398 40.623527
5.311070 -18.607116 33.978964
7.802399 -25.311871 34.885485
7.757836 -27.708082 27.037853
9.719408 -29.634195 27.427983
10.067162 -28.716221 35.338746
11.552617 -30.339413 27.558027
12.068957 -29.928489 35.489833
13.771382 -30.057001 35.489833
14.483686 -27.945438 39.349327
12.682563 -27.774101 39.413173
15.253076 -22.526918 40.352061
13.243092 -22.295337 40.607447
20.050131 41.129191 17.253710
20.315431 47.338319 15.335735
20.541031 51.358422 13.215690
20.604106 59.029254 18.303605
20.401436 54.647786 21.448027
20.191380 48.421984 23.788785
20.665471 52.694238 10.296714
20.701981 57.169846 12.481641
20.761052 60.585543 12.263935
20.714351 63.807778 17.090070
20.663289 68.631153 22.566155
20.578794 66.147356 25.401299
20.459341 63.058359 27.646883
20.317100 58.614065 29.610969
18.604174 44.434021 -38.678227
19.810702 46.202413 -35.782948
19.712293 24.230859 -30.905638
18.413952 24.323662 -37.421546
20.365305 51.855240 -33.277107
20.279651 39.370472 -27.239361
20.234853 33.027801 -19.621683
19.918360 24.388399 -20.806094
19.661887 15.928802 -18.732129
19.513815 9.350824 -25.402051
18.333438 -16.958556 -34.642144
19.041115 -3.553839 -30.743928
18.212027 -13.934350 -38.972116
18.884259 2.101307 -35.437971
17.473298 -12.710486 -41.390524
18.032876 4.165168 -38.952814
16.747571 -22.972317 -42.853146
17.425111 -23.634129 -41.092606
16.675183 -27.287398 -40.849772
16.003556 -28.279834 -42.262488
17.480439 -25.036693 -36.981073
16.494779 -29.058085 -38.150540
15.389118 -30.292554 -38.540359
15.138038 -30.210076 35.489834
16.285362 -28.977576 35.158079
16.475951 -27.175999 37.882827
15.781374 -28.157139 39.242916
17.329793 -24.949360 34.162814
18.228873 -16.860299 32.172284
18.094984 -13.783961 36.391720
17.267308 -23.504515 38.230130
17.362146 -12.518177 38.649486
16.584775 -22.813502 39.926418
2.600673 -7.446885 -35.557991
0.102750 1.476040 -33.419657
-2.042920 25.366057 -38.188077
1.973537 2.477007 -39.758959
-1.732151 1.551084 -30.583501
-3.342654 16.016493 -33.732362
-4.530977 27.601414 -34.048491
-4.455024 36.084727 -35.344501
-5.498242 48.371487 -33.230434
-4.503772 48.673787 -34.747553
-3.840219 58.170712 -36.192432
-2.358762 48.430663 -39.917570
-0.636665 43.316541 -41.876984
0.241745 25.410391 -41.338711
2.479306 7.624397 -41.876984
2.629574 -7.493625 32.468094
2.016824 2.463021 36.656948
-1.916424 25.252778 35.043724
0.171741 1.364794 30.328490
2.498196 7.766218 38.785862
0.274652 25.627420 38.236390
-0.630981 43.686223 38.785862
-2.308470 48.635998 36.794892
-3.748900 58.264441 33.019871
-4.313218 48.571245 31.508908
-5.178944 48.077107 29.939974
-4.158022 35.614410 32.145909
-4.264404 26.882462 30.942319
-3.188287 15.577678 30.656399
-1.648604 1.304345 27.535765
18.516615 44.702272 36.295112
18.304275 24.575094 35.187797
19.523615 24.420092 29.450476
19.673255 46.422660 33.776962
17.927382 4.389815 36.521266
18.760086 2.271237 33.327702
18.940148 -3.445239 28.854733
19.380141 9.465055 24.290297
19.465377 16.039817 18.559107
19.604957 24.554796 20.569720
19.806591 33.226301 19.566480
19.973971 39.575689 26.285888
20.164245 52.064378 31.601622
11.283887 -30.587774 14.338349
9.542590 -30.186377 14.264532
9.521611 -30.373941 -1.525362
11.243636 -30.675621 -1.525264
7.751637 -29.146710 14.043080
7.773565 -29.627819 -1.525658
7.813381 -29.151478 -17.095185
9.641369 -30.198059 -17.315455
11.412729 -30.605006 -17.388874
2416
0 1 2
2 1 3
1 4 3
3 4 5
5 6 3
3 6 7
8 2 7
7 2 3
9 10 11
11 10 12
13 14 12
12 14 11
6 5 14
14 5 11
4 9 5
5 9 11
15 16 17
17 16 18
19 20 18
18 20 17
20 6 17
17 6 14
13 15 14
14 15 17
21 22 23
23 22 24
22 8 24
24 8 7
6 20 7
7 20 24
20 19 24
24 19 23
25 26 27
27 26 28
26 29 28
28 29 30
31 32 30
30 32 28
32 33 28
28 33 27
34 35 36
36 35 37
38 39 37
37 39 36
39 31 36
36 31 30
29 34 30
30 34 36
10 9 40
40 9 41
9 4 41
41 4 42
31 39 42
42 39 41
39 38 41
41 38 40
1 0 43
43 0 44
33 32 44
44 32 43
32 31 43
43 31 42
4 1 42
42 1 43
45 46 47
47 46 48
49 50 48
48 50 47
51 52 50
50 52 47
52 53 47
47 53 45
54 55 56
56 55 57
55 58 57
57 58 59
59 51 57
57 51 50
50 49 57
57 49 56
35 34 60
60 34 61
34 29 61
61 29 62
51 59 62
62 59 61
59 58 61
61 58 60
26 25 63
63 25 64
53 52 64
64 52 63
52 51 63
63 51 62
29 26 62
62 26 63
65 21 66
66 21 23
19 67 23
23 67 66
67 68 66
66 68 69
70 65 69
69 65 66
16 71 18
18 71 72
71 73 72
72 73 74
68 67 74
74 67 72
67 19 72
72 19 18
75 54 76
76 54 56
49 77 56
56 77 76
77 68 76
76 68 74
73 75 74
74 75 76
46 78 48
48 78 79
78 70 79
79 70 69
68 77 69
69 77 79
77 49 79
79 49 48
80 81 82
82 81 83
81 84 83
83 84 85
86 87 85
85 87 83
87 88 83
83 88 82
89 90 91
91 90 92
90 93 92
92 93 94
86 85 94
94 85 92
85 84 92
92 84 91
95 96 97
97 96 98
96 99 98
98 99 100
86 94 100
100 94 98
94 93 98
98 93 97
101 102 103
103 102 104
102 88 104
104 88 87
86 100 87
87 100 104
100 99 104
104 99 103
105 106 107
107 106 108
109 110 108
108 110 107
110 111 107
107 111 112
113 105 112
112 105 107
114 115 116
116 115 117
115 118 117
117 118 119
111 110 119
119 110 117
110 109 117
117 109 116
120 89 121
121 89 91
84 122 91
91 122 121
122 111 121
121 111 119
118 120 119
119 120 121
81 80 123
123 80 124
124 113 123
123 113 112
111 122 112
112 122 123
122 84 123
123 84 81
125 126 127
127 126 128
126 129 128
128 129 130
131 132 130
130 132 128
132 133 128
128 133 127
134 135 136
136 135 137
138 139 137
137 139 136
139 131 136
136 131 130
129 134 130
130 134 136
140 114 141
141 114 116
109 142 116
116 142 141
142 131 141
141 131 139
138 140 139
139 140 141
106 143 108
108 143 144
143 133 144
144 133 132
131 142 132
132 142 144
142 109 144
144 109 108
145 101 146
146 101 103
103 99 146
146 99 147
148 149 147
147 149 146
149 150 146
146 150 145
96 95 151
151 95 152
153 154 152
152 154 151
154 148 151
151 148 147
99 96 147
147 96 151
135 134 155
155 134 156
134 129 156
156 129 157
148 154 157
157 154 156
154 153 156
156 153 155
126 125 158
158 125 159
150 149 159
159 149 158
149 148 158
158 148 157
129 126 157
157 126 158
90 89 160
160 89 161
162 163 161
161 163 160
163 164 160
160 164 165
93 90 165
165 90 160
166 167 168
168 167 169
167 170 169
169 170 171
164 163 171
171 163 169
163 162 169
169 162 168
172 173 174
174 173 175
173 176 175
175 176 177
164 171 177
177 171 175
171 170 175
175 170 174
178 95 179
179 95 97
93 165 97
97 165 179
165 164 179
179 164 177
176 178 177
177 178 179
115 114 180
180 114 181
182 183 181
181 183 180
183 184 180
180 184 185
118 115 185
185 115 180
186 187 188
188 187 189
187 190 189
189 190 191
184 183 191
191 183 189
183 182 189
189 182 188
192 166 193
193 166 168
162 194 168
168 194 193
194 184 193
193 184 191
190 192 191
191 192 193
89 120 161
161 120 195
120 118 195
195 118 185
184 194 185
185 194 195
194 162 195
195 162 161
135 196 137
137 196 197
196 198 197
197 198 199
200 201 199
199 201 197
201 138 197
197 138 137
202 203 204
204 203 205
206 207 205
205 207 204
207 200 204
204 200 199
198 202 199
199 202 204
208 186 209
209 186 188
182 210 188
188 210 209
210 200 209
209 200 207
206 208 207
207 208 209
114 140 181
181 140 211
140 138 211
211 138 201
200 210 201
201 210 211
210 182 211
211 182 181
95 178 152
152 178 212
178 176 212
212 176 213
214 215 213
213 215 212
215 153 212
212 153 152
173 172 216
216 172 217
218 219 217
217 219 216
219 214 216
216 214 213
176 173 213
213 173 216
203 202 220
220 202 221
202 198 221
221 198 222
214 219 222
222 219 221
219 218 221
221 218 220
196 135 223
223 135 155
153 215 155
155 215 223
215 214 223
223 214 222
198 196 222
222 196 223
55 54 224
224 54 225
226 227 225
225 227 224
227 228 224
224 228 229
58 55 229
229 55 224
230 231 232
232 231 233
231 234 233
233 234 235
228 227 235
235 227 233
227 226 233
233 226 232
236 237 238
238 237 239
237 240 239
239 240 241
228 235 241
241 235 239
235 234 239
239 234 238
242 35 243
243 35 60
58 229 60
60 229 243
229 228 243
243 228 241
240 242 241
241 242 243
35 242 37
37 242 244
242 240 244
244 240 245
246 247 245
245 247 244
247 38 244
244 38 37
237 236 248
248 236 249
250 251 249
249 251 248
251 246 248
248 246 245
240 237 245
245 237 248
252 253 254
254 253 255
253 256 255
255 256 257
246 251 257
257 251 255
251 250 255
255 250 254
258 10 259
259 10 40
38 247 40
40 247 259
247 246 259
259 246 257
256 258 257
257 258 259
10 258 12
12 258 260
258 256 260
260 256 261
262 263 261
261 263 260
263 13 260
260 13 12
253 252 264
264 252 265
266 267 265
265 267 264
267 262 264
264 262 261
256 253 261
261 253 264
268 269 270
270 269 271
272 273 271
271 273 270
273 262 270
270 262 267
266 268 267
267 268 270
16 15 274
274 15 275
15 13 275
275 13 263
262 273 263
263 273 275
273 272 275
275 272 274
71 16 276
276 16 274
272 277 274
274 277 276
277 278 276
276 278 279
73 71 279
279 71 276
269 280 271
271 280 281
280 282 281
281 282 283
278 277 283
283 277 281
277 272 281
281 272 271
284 230 285
285 230 232
226 286 232
232 286 285
286 278 285
285 278 283
282 284 283
283 284 285
54 75 225
225 75 287
75 73 287
287 73 279
278 286 279
279 286 287
286 226 287
287 226 225
280 269 288
288 269 289
290 291 289
289 291 288
291 292 288
288 292 293
282 280 293
293 280 288
101 145 294
294 145 295
145 150 295
295 150 296
292 291 296
296 291 295
291 290 295
295 290 294
159 125 297
297 125 298
299 300 298
298 300 297
300 292 297
297 292 296
150 159 296
296 159 297
230 284 301
301 284 302
284 282 302
302 282 293
292 300 293
293 300 302
300 299 302
302 299 301
231 230 303
303 230 301
299 304 301
301 304 303
304 305 303
303 305 306
234 231 306
306 231 303
125 127 298
298 127 307
127 133 307
307 133 308
305 304 308
308 304 307
304 299 307
307 299 298
106 309 143
143 309 310
309 311 310
310 311 312
305 308 312
312 308 310
308 133 310
310 133 143
313 236 314
314 236 238
234 306 238
238 306 314
306 305 314
314 305 312
311 313 312
312 313 314
236 313 249
249 313 315
313 311 315
315 311 316
317 318 316
316 318 315
318 250 315
315 250 249
309 106 319
319 106 105
113 320 105
105 320 319
320 317 319
319 317 316
311 309 316
316 309 319
80 321 124
124 321 322
321 323 322
322 323 324
317 320 324
324 320 322
320 113 322
322 113 124
325 252 326
326 252 254
250 318 254
254 318 326
318 317 326
326 317 324
323 325 324
324 325 326
265 252 327
327 252 328
329 330 328
328 330 327
330 331 327
327 331 332
266 265 332
332 265 327
333 334 335
335 334 336
334 337 336
336 337 338
331 330 338
338 330 336
330 329 336
336 329 335
339 340 341
341 340 342
340 343 342
342 343 344
331 338 344
344 338 342
338 337 342
342 337 341
345 269 346
346 269 268
266 332 268
268 332 346
332 331 346
346 331 344
343 345 344
344 345 346
321 80 347
347 80 348
349 350 348
348 350 347
350 351 347
347 351 352
323 321 352
352 321 347
353 354 355
355 354 356
354 357 356
356 357 358
351 350 358
358 350 356
350 349 356
356 349 355
359 333 360
360 333 335
329 361 335
335 361 360
361 351 360
360 351 358
357 359 358
358 359 360
252 325 328
328 325 362
325 323 362
362 323 352
351 361 352
352 361 362
361 329 362
362 329 328
101 363 102
102 363 364
363 365 364
364 365 366
367 368 366
366 368 364
368 88 364
364 88 102
369 370 371
371 370 372
373 374 372
372 374 371
374 367 371
371 367 366
365 369 366
366 369 371
375 353 376
376 353 355
349 377 355
355 377 376
377 367 376
376 367 374
373 375 374
374 375 376
80 82 348
348 82 378
82 88 378
378 88 368
367 377 368
368 377 378
377 349 378
378 349 348
269 345 289
289 345 379
345 343 379
379 343 380
381 382 380
380 382 379
382 290 379
379 290 289
340 339 383
383 339 384
385 386 384
384 386 383
386 381 383
383 381 380
343 340 380
380 340 383
370 369 387
387 369 388
369 365 388
388 365 389
381 386 389
389 386 388
386 385 388
388 385 387
363 101 390
390 101 294
290 382 294
294 382 390
382 381 390
390 381 389
365 363 389
389 363 390
391 392 393
393 392 394
395 396 394
394 396 393
396 397 393
393 397 398
399 391 398
398 391 393
400 401 402
402 401 403
404 405 401
401 405 403
397 396 405
405 396 403
396 395 403
403 395 402
406 407 408
408 407 409
407 410 409
409 410 411
397 405 411
411 405 409
405 404 409
409 404 408
412 413 414
414 413 415
399 398 415
415 398 414
398 397 414
414 397 411
410 412 411
411 412 414
416 417 418
418 417 419
417 420 419
419 420 421
422 423 421
421 423 419
423 424 419
419 424 418
425 426 427
427 426 428
426 429 428
428 429 430
430 422 428
428 422 421
420 427 421
421 427 428
431 0 432
432 0 2
2 8 432
432 8 433
422 430 433
433 430 432
429 431 430
430 431 432
22 21 434
434 21 435
424 423 435
435 423 434
423 422 434
434 422 433
8 22 433
433 22 434
406 436 437
437 436 438
436 439 438
438 439 440
441 442 440
440 442 438
442 443 438
438 443 437
444 25 445
445 25 27
33 446 27
27 446 445
446 441 445
445 441 440
439 444 440
440 444 445
0 431 44
44 431 447
431 429 447
447 429 448
441 446 448
448 446 447
446 33 447
447 33 44
426 425 449
449 425 450
443 442 450
450 442 449
442 441 449
449 441 448
429 426 448
448 426 449
401 400 451
451 400 452
453 454 452
452 454 451
455 456 454
454 456 451
456 404 451
451 404 401
46 45 457
457 45 458
53 459 45
45 459 458
459 455 458
458 455 454
454 453 458
458 453 457
25 444 64
64 444 460
444 439 460
460 439 461
455 459 461
461 459 460
459 53 460
460 53 64
436 406 462
462 406 408
404 456 408
408 456 462
456 455 462
462 455 461
439 436 461
461 436 462
400 463 452
452 463 464
463 465 464
464 465 466
467 468 466
466 468 464
468 453 464
464 453 452
469 416 470
470 416 418
424 471 418
418 471 470
471 467 470
470 467 466
465 469 466
466 469 470
21 65 435
435 65 472
65 70 472
472 70 473
467 471 473
473 471 472
471 424 472
472 424 435
78 46 474
474 46 457
453 468 457
457 468 474
468 467 474
474 467 473
70 78 473
473 78 474
475 476 477
477 476 478
476 479 478
478 479 480
481 482 480
480 482 478
482 483 478
478 483 477
484 485 486
486 485 487
485 488 487
487 488 489
481 480 489
489 480 487
479 486 480
480 486 487
490 491 492
492 491 493
494 495 493
493 495 492
495 481 492
492 481 489
488 490 489
489 490 492
496 497 498
498 497 499
497 483 499
499 483 482
481 495 482
482 495 499
495 494 499
499 494 498
413 500 415
415 500 501
500 502 501
501 502 503
504 505 503
503 505 501
505 399 501
501 399 415
491 490 506
506 490 507
490 488 507
507 488 508
508 504 507
507 504 503
502 506 503
503 506 507
484 509 485
485 509 510
511 512 509
509 512 510
512 504 510
510 504 508
488 485 508
508 485 510
392 391 513
513 391 514
391 399 514
514 399 505
504 512 505
505 512 514
512 511 514
514 511 513
515 516 517
517 516 518
516 519 518
518 519 520
521 522 520
520 522 518
522 523 518
518 523 517
524 484 525
525 484 486
479 526 486
486 526 525
526 521 525
525 521 520
519 524 520
520 524 525
475 527 476
476 527 528
527 523 528
528 523 522
522 521 528
528 521 526
526 479 528
528 479 476
515 517 529
529 517 530
517 523 530
530 523 531
532 533 531
531 533 530
533 534 530
530 534 529
527 475 535
535 475 536
537 538 536
536 538 535
538 532 535
535 532 531
523 527 531
531 527 535
539 540 541
541 540 542
534 533 542
542 533 541
533 532 541
541 532 538
537 539 538
538 539 541
543 392 544
544 392 513
511 545 513
513 545 544
545 546 544
544 546 547
548 543 547
547 543 544
484 524 509
509 524 549
519 550 524
524 550 549
546 545 550
550 545 549
545 511 549
549 511 509
516 515 551
551 515 552
552 548 551
551 548 547
546 550 547
547 550 551
519 516 550
550 516 551
553 554 555
555 554 556
557 558 556
556 558 555
558 559 555
555 559 560
561 553 560
560 553 555
416 469 562
562 469 563
469 465 563
563 465 564
559 558 564
564 558 563
558 557 563
563 557 562
463 400 565
565 400 402
395 566 402
402 566 565
566 559 565
565 559 564
465 463 564
564 463 565
392 543 394
394 543 567
543 548 567
567 548 568
559 566 568
568 566 567
566 395 567
567 395 394
515 569 552
552 569 570
569 561 570
570 561 560
559 568 560
560 568 570
548 552 568
568 552 570
496 498 571
571 498 572
498 494 572
572 494 573
573 574 572
572 574 575
575 576 572
572 576 571
493 491 577
577 491 578
579 580 578
578 580 577
580 574 577
577 574 573
494 493 573
573 493 577
581 582 583
583 582 584
582 576 584
584 576 575
574 580 575
575 580 584
580 579 584
584 579 583
585 586 587
587 586 588
589 590 588
588 590 587
590 591 587
587 591 592
593 585 592
592 585 587
594 496 595
595 496 571
576 596 571
571 596 595
596 591 595
595 591 590
589 594 590
590 594 595
581 597 582
582 597 598
597 593 598
598 593 592
591 596 592
592 596 598
596 576 598
598 576 582
599 581 600
600 581 583
579 601 583
583 601 600
602 603 601
601 603 600
603 604 600
600 604 599
578 491 605
605 491 506
506 502 605
605 502 606
602 601 606
606 601 605
579 578 601
601 578 605
500 413 607
607 413 608
604 603 608
608 603 607
603 602 607
607 602 606
502 500 606
606 500 607
609 586 610
610 586 611
611 612 610
610 612 613
614 615 613
613 615 610
615 616 610
610 616 609
617 618 619
619 618 620
621 622 620
620 622 619
622 614 619
619 614 613
612 617 613
613 617 619
623 624 625
625 624 626
627 628 626
626 628 625
628 614 625
625 614 622
621 623 622
622 623 625
629 540 630
630 540 631
631 616 630
630 616 615
614 628 615
615 628 630
628 627 630
630 627 629
554 632 556
556 632 633
632 634 633
633 634 635
636 637 635
635 637 633
637 557 633
633 557 556
638 639 640
640 639 641
639 642 641
641 642 643
636 635 643
643 635 641
635 634 641
641 634 640
644 425 645
645 425 427
427 420 645
645 420 646
646 636 645
645 636 643
642 644 643
643 644 645
417 416 647
647 416 562
557 637 562
562 637 647
637 636 647
647 636 646
420 417 646
646 417 647
536 475 648
648 475 477
483 649 477
477 649 648
649 650 648
648 650 651
537 536 651
651 536 648
497 496 652
652 496 594
589 653 594
594 653 652
650 649 653
653 649 652
649 483 652
652 483 497
586 609 588
588 609 654
616 655 609
609 655 654
655 650 654
654 650 653
653 589 654
654 589 588
540 539 631
631 539 656
539 537 656
656 537 651
650 655 651
651 655 656
655 616 656
656 616 631
639 638 657
657 638 658
659 660 658
658 660 657
660 661 657
657 661 662
642 639 662
662 639 657
581 599 663
663 599 664
604 665 599
599 665 664
665 661 664
664 661 660
660 659 664
664 659 663
413 412 608
608 412 666
412 410 666
666 410 667
661 665 667
667 665 666
665 604 666
666 604 608
407 406 668
668 406 437
443 669 437
437 669 668
669 661 668
668 661 667
410 407 667
667 407 668
425 644 450
450 644 670
644 642 670
670 642 662
661 669 662
662 669 670
669 443 670
670 443 450
186 208 671
671 208 672
208 206 672
672 206 673
674 675 673
673 675 672
675 676 672
672 676 671
203 677 205
205 677 678
677 679 678
678 679 680
674 673 680
680 673 678
673 206 678
678 206 205
681 682 683
683 682 684
682 685 684
684 685 686
674 680 686
686 680 684
680 679 684
684 679 683
687 688 689
689 688 690
688 676 690
690 676 675
674 686 675
675 686 690
686 685 690
690 685 689
166 192 691
691 192 692
192 190 692
692 190 693
694 695 693
693 695 692
695 696 692
692 696 691
187 186 697
697 186 671
676 698 671
671 698 697
698 694 697
697 694 693
190 187 693
693 187 697
687 699 688
688 699 700
699 701 700
700 701 702
694 698 702
702 698 700
698 676 700
700 676 688
703 704 705
705 704 706
696 695 706
706 695 705
695 694 705
705 694 702
701 703 702
702 703 705
167 166 707
707 166 691
696 708 691
691 708 707
708 709 707
707 709 710
170 167 710
710 167 707
706 704 711
711 704 712
713 714 712
712 714 711
714 709 711
711 709 708
708 696 711
711 696 706
715 716 717
717 716 718
716 719 718
718 719 720
709 714 720
720 714 718
713 717 714
714 717 718
721 172 722
722 172 174
170 710 174
174 710 722
710 709 722
722 709 720
719 721 720
720 721 722
172 721 217
217 721 723
721 719 723
723 719 724
725 726 724
724 726 723
726 218 723
723 218 217
716 715 727
727 715 728
729 730 728
728 730 727
730 725 727
727 725 724
719 716 724
724 716 727
731 681 732
732 681 683
683 679 732
732 679 733
725 730 733
733 730 732
730 729 732
732 729 731
677 203 734
734 203 220
218 726 220
220 726 734
726 725 734
734 725 733
679 677 733
733 677 734
339 735 384
384 735 736
735 737 736
736 737 738
739 740 738
738 740 736
740 385 736
736 385 384
741 742 743
743 742 744
745 746 744
744 746 743
746 739 743
743 739 738
737 741 738
738 741 743
747 748 749
749 748 750
748 751 750
750 751 752
739 746 752
752 746 750
746 745 750
750 745 749
753 370 754
754 370 387
385 740 387
387 740 754
740 739 754
754 739 752
751 753 752
752 753 754
755 756 757
757 756 758
756 759 758
758 759 760
760 761 758
758 761 762
763 757 762
762 757 758
764 765 766
766 765 767
768 769 767
767 769 766
769 761 766
766 761 760
759 764 760
760 764 766
770 771 772
772 771 773
771 763 773
773 763 762
761 769 762
762 769 773
769 768 773
773 768 772
774 775 776
776 775 777
778 779 775
775 779 777
779 780 777
777 780 781
781 782 777
777 782 776
783 784 785
785 784 786
784 787 786
786 787 788
780 779 788
788 779 786
779 778 786
786 778 785
789 624 790
790 624 791
791 792 790
790 792 793
793 780 790
790 780 788
787 789 788
788 789 790
794 765 795
795 765 796
782 781 796
796 781 795
780 793 781
781 793 795
792 794 793
793 794 795
797 770 798
798 770 772
768 799 772
772 799 798
799 800 798
798 800 801
802 797 801
801 797 798
765 803 767
767 803 804
803 805 804
804 805 806
800 799 806
806 799 804
799 768 804
804 768 767
807 808 809
809 808 810
808 811 810
810 811 812
800 806 812
812 806 810
806 805 810
810 805 809
813 814 815
815 814 816
802 801 816
816 801 815
801 800 815
815 800 812
811 813 812
812 813 815
624 623 791
791 623 817
621 818 623
623 818 817
818 819 817
817 819 820
792 791 820
820 791 817
618 821 620
620 821 822
823 824 821
821 824 822
824 819 822
822 819 818
621 620 818
818 620 822
807 809 825
825 809 826
809 805 826
826 805 827
819 824 827
827 824 826
824 823 826
826 823 825
765 794 803
803 794 828
794 792 828
828 792 820
819 827 820
820 827 828
827 805 828
828 805 803
829 774 830
830 774 776
782 831 776
776 831 830
831 832 830
830 832 833
833 834 830
830 834 829
765 764 796
796 764 835
764 759 835
835 759 836
832 831 836
836 831 835
831 782 835
835 782 796
756 755 837
837 755 838
834 833 838
838 833 837
833 832 837
837 832 836
759 756 836
836 756 837
814 839 816
816 839 840
839 841 840
840 841 842
843 844 842
842 844 840
844 802 840
840 802 816
845 687 846
846 687 689
685 847 689
689 847 846
847 843 846
846 843 842
841 845 842
842 845 846
682 681 848
848 681 849
850 851 849
849 851 848
851 843 848
848 843 847
685 682 847
847 682 848
770 797 852
852 797 853
797 802 853
853 802 844
843 851 844
844 851 853
851 850 853
853 850 852
771 770 854
854 770 852
850 855 852
852 855 854
856 857 855
855 857 854
763 771 857
857 771 854
681 731 849
849 731 858
729 859 731
731 859 858
859 856 858
858 856 855
855 850 858
858 850 849
715 860 728
728 860 861
860 862 861
861 862 863
856 859 863
863 859 861
859 729 861
861 729 728
747 864 865
865 864 866
864 867 866
866 867 868
856 863 868
868 863 866
863 862 866
866 862 865
869 755 870
870 755 757
763 857 757
757 857 870
857 856 870
870 856 868
867 869 868
868 869 870
632 554 871
871 554 872
873 874 872
872 874 871
874 875 871
871 875 876
634 632 876
876 632 871
877 878 879
879 878 880
880 881 879
879 881 882
882 875 879
879 875 874
873 877 874
874 877 879
883 884 885
885 884 886
887 888 886
886 888 885
888 875 885
885 875 882
882 881 885
885 881 883
889 638 890
890 638 640
634 876 640
640 876 890
876 875 890
890 875 888
887 889 888
888 889 890
333 359 891
891 359 892
359 357 892
892 357 893
894 895 893
893 895 892
895 896 892
892 896 891
354 353 897
897 353 898
899 900 898
898 900 897
900 894 897
897 894 893
357 354 893
893 354 897
901 902 903
903 902 904
902 905 904
904 905 906
894 900 906
906 900 904
900 899 904
904 899 903
907 908 909
909 908 910
896 895 908
908 895 910
895 894 910
910 894 906
905 909 906
906 909 910
814 813 911
911 813 912
813 811 912
912 811 913
914 915 913
913 915 912
915 916 912
912 916 911
808 807 917
917 807 918
919 920 918
918 920 917
920 914 917
917 914 913
811 808 913
913 808 917
921 922 923
923 922 924
916 915 922
922 915 924
915 914 924
924 914 920
920 919 924
924 919 923
925 747 926
926 747 865
862 927 865
865 927 926
927 928 926
926 928 929
930 925 929
929 925 926
860 715 931
931 715 717
717 713 931
931 713 932
928 927 932
932 927 931
927 862 931
931 862 860
704 933 712
712 933 934
933 935 934
934 935 936
928 932 936
936 932 934
932 713 934
934 713 712
937 901 938
938 901 939
930 929 939
939 929 938
929 928 938
938 928 936
935 937 936
936 937 938
334 333 940
940 333 891
896 941 891
891 941 940
941 942 940
940 942 943
337 334 943
943 334 940
908 907 944
944 907 945
946 947 945
945 947 944
942 941 947
947 941 944
941 896 944
944 896 908
742 741 948
948 741 949
741 737 949
949 737 950
942 947 950
950 947 949
947 946 949
949 946 948
735 339 951
951 339 341
337 943 341
341 943 951
943 942 951
951 942 950
737 735 950
950 735 951
353 375 898
898 375 952
375 373 952
952 373 953
954 955 953
953 955 952
955 899 952
952 899 898
370 753 372
372 753 956
753 751 956
956 751 957
954 953 957
957 953 956
953 373 956
956 373 372
747 925 748
748 925 958
925 930 958
958 930 959
954 957 959
959 957 958
957 751 958
958 751 748
901 903 939
939 903 960
899 955 903
903 955 960
954 959 955
955 959 960
959 930 960
960 930 939
961 962 963
963 962 964
962 965 964
964 965 966
967 968 966
966 968 964
968 969 964
964 969 963
970 971 972
972 971 973
974 975 973
973 975 972
975 967 972
972 967 966
965 970 966
966 970 972
976 783 977
977 783 785
778 978 785
785 978 977
978 967 977
977 967 975
974 976 975
975 976 977
775 774 979
979 774 980
969 968 980
980 968 979
968 967 979
979 967 978
978 778 979
979 778 775
971 970 981
981 970 982
970 965 982
982 965 983
984 985 983
983 985 982
985 986 982
982 986 981
962 961 987
987 961 988
989 990 988
988 990 987
990 984 987
987 984 983
965 962 983
983 962 987
991 992 993
993 992 994
995 996 994
994 996 993
984 990 996
996 990 993
989 991 990
990 991 993
997 878 998
998 878 999
986 985 999
999 985 998
985 984 998
998 984 996
995 997 996
996 997 998
1000 921 1001
1001 921 923
919 1002 923
923 1002 1001
1002 1003 1001
1001 1003 1004
1005 1000 1004
1004 1000 1001
807 1006 918
918 1006 1007
1006 1008 1007
1007 1008 1009
1003 1002 1009
1009 1002 1007
1002 919 1007
1007 919 918
1010 1011 1012
1012 1011 1013
1013 1005 1012
1012 1005 1004
1004 1003 1012
1012 1003 1009
1008 1010 1009
1009 1010 1012
1011 1010 1014
1014 1010 1015
1010 1008 1015
1015 1008 1016
1016 1017 1015
1015 1017 1018
1019 1014 1018
1018 1014 1015
1006 807 1020
1020 807 825
823 1021 825
825 1021 1020
1017 1016 1021
1021 1016 1020
1008 1006 1016
1016 1006 1020
821 618 1022
1022 618 1023
1024 1025 1023
1023 1025 1022
1025 1017 1022
1022 1017 1021
1021 823 1022
1022 823 821
1026 1027 1028
1028 1027 1029
1027 1019 1029
1029 1019 1018
1017 1025 1018
1018 1025 1029
1025 1024 1029
1029 1024 1028
1030 1031 1032
1032 1031 1033
1031 1034 1033
1033 1034 1035
1036 1037 1035
1035 1037 1033
1037 1038 1033
1033 1038 1032
1039 1011 1040
1040 1011 1014
1014 1019 1040
1040 1019 1041
1041 1036 1040
1040 1036 1035
1034 1039 1035
1035 1039 1040
1027 1026 1042
1042 1026 1043
1044 1045 1043
1043 1045 1042
1045 1036 1042
1042 1036 1041
1019 1027 1041
1041 1027 1042
1046 1047 1048
1048 1047 1049
1038 1037 1049
1049 1037 1048
1037 1036 1048
1048 1036 1045
1044 1046 1045
1045 1046 1048
1050 1051 1052
1052 1051 1053
1054 1055 1051
1051 1055 1053
1056 1057 1055
1055 1057 1053
1057 1058 1053
1053 1058 1052
1059 742 1060
1060 742 948
946 1061 948
948 1061 1060
1061 1056 1060
1060 1056 1055
1055 1054 1060
1060 1054 1059
907 1062 945
945 1062 1063
1062 1064 1063
1063 1064 1065
1056 1061 1065
1065 1061 1063
1061 946 1063
1063 946 945
1066 1067 1068
1068 1067 1069
1058 1057 1069
1069 1057 1068
1057 1056 1068
1068 1056 1065
1064 1066 1065
1065 1066 1068
1070 992 1071
1071 992 1072
1072 1073 1071
1071 1073 1074
1075 1076 1074
1074 1076 1071
1077 1070 1076
1076 1070 1071
1078 1050 1079
1079 1050 1052
1058 1080 1052
1052 1080 1079
1080 1075 1079
1079 1075 1074
1073 1078 1074
1074 1078 1079
1069 1067 1081
1081 1067 1082
1083 1084 1082
1082 1084 1081
1084 1075 1081
1081 1075 1080
1058 1069 1080
1080 1069 1081
1085 1086 1087
1087 1086 1088
1088 1077 1087
1087 1077 1076
1075 1084 1076
1076 1084 1087
1084 1083 1087
1087 1083 1085
1047 1089 1049
1049 1089 1090
1089 1091 1090
1090 1091 1092
1093 1094 1092
1092 1094 1090
1094 1038 1090
1090 1038 1049
1095 884 1096
1096 884 1097
1098 1099 1097
1097 1099 1096
1099 1093 1096
1096 1093 1092
1091 1095 1092
1092 1095 1096
1100 1086 1101
1101 1086 1102
1103 1104 1102
1102 1104 1101
1093 1099 1104
1104 1099 1101
1098 1100 1099
1099 1100 1101
1105 1030 1106
1106 1030 1032
1038 1094 1032
1032 1094 1106
1094 1093 1106
1106 1093 1104
1104 1103 1106
1106 1103 1105
901 937 1107
1107 937 1108
937 935 1108
1108 935 1109
1110 1111 1109
1109 1111 1108
1111 1112 1108
1108 1112 1107
704 703 933
933 703 1113
703 701 1113
1113 701 1114
1110 1109 1114
1114 1109 1113
1109 935 1113
1113 935 933
687 845 699
699 845 1115
845 841 1115
1115 841 1116
1116 1110 1115
1115 1110 1114
701 699 1114
1114 699 1115
839 814 1117
1117 814 911
916 1118 911
911 1118 1117
1110 1116 1118
1118 1116 1117
841 839 1116
1116 839 1117
922 921 1119
1119 921 1120
1112 1111 1120
1120 1111 1119
1111 1110 1119
1119 1110 1118
916 922 1118
1118 922 1119
774 829 980
980 829 1121
834 1122 829
829 1122 1121
1122 1123 1121
1121 1123 1124
1124 969 1121
1121 969 980
755 869 838
838 869 1125
869 867 1125
1125 867 1126
1123 1122 1126
1126 1122 1125
1122 834 1125
1125 834 838
864 747 1127
1127 747 749
745 1128 749
749 1128 1127
1128 1123 1127
1127 1123 1126
867 864 1126
1126 864 1127
744 742 1129
1129 742 1059
1054 1130 1059
1059 1130 1129
1130 1123 1129
1129 1123 1128
1128 745 1129
1129 745 744
1050 1131 1051
1051 1131 1132
1131 1133 1132
1132 1133 1134
1123 1130 1134
1134 1130 1132
1130 1054 1132
1132 1054 1051
1135 961 1136
1136 961 963
969 1124 963
963 1124 1136
1124 1123 1136
1136 1123 1134
1133 1135 1134
1134 1135 1136
961 1135 988
988 1135 1137
1135 1133 1137
1137 1133 1138
1138 1139 1137
1137 1139 1140
1140 989 1137
1137 989 988
1131 1050 1141
1141 1050 1078
1078 1073 1141
1141 1073 1142
1142 1139 1141
1141 1139 1138
1133 1131 1138
1138 1131 1141
992 991 1072
1072 991 1143
991 989 1143
1143 989 1140
1140 1139 1143
1143 1139 1142
1073 1072 1142
1142 1072 1143
1086 1085 1102
1102 1085 1144
1083 1145 1085
1085 1145 1144
1145 1146 1144
1144 1146 1147
1147 1103 1144
1144 1103 1102
1082 1067 1148
1148 1067 1149
1150 1151 1149
1149 1151 1148
1151 1146 1148
1148 1146 1145
1145 1083 1148
1148 1083 1082
1030 1105 1152
1152 1105 1153
1105 1103 1153
1153 1103 1147
1147 1146 1153
1153 1146 1151
1151 1150 1153
1153 1150 1152
878 877 999
999 877 1154
877 873 1154
1154 873 1155
1156 1157 1155
1155 1157 1154
1157 986 1154
1154 986 999
554 553 872
872 553 1158
553 561 1158
1158 561 1159
1156 1155 1159
1159 1155 1158
1155 873 1158
1158 873 872
569 515 1160
1160 515 529
534 1161 529
529 1161 1160
1161 1156 1160
1160 1156 1159
561 569 1159
1159 569 1160
540 629 542
542 629 1162
627 1163 629
629 1163 1162
1156 1161 1163
1163 1161 1162
1161 534 1162
1162 534 542
624 789 626
626 789 1164
789 787 1164
1164 787 1165
1156 1163 1165
1165 1163 1164
1163 627 1164
1164 627 626
784 783 1166
1166 783 976
974 1167 976
976 1167 1166
1167 1156 1166
1166 1156 1165
787 784 1165
1165 784 1166
973 971 1168
1168 971 981
986 1157 981
981 1157 1168
1157 1156 1168
1168 1156 1167
974 973 1167
1167 973 1168
884 1095 886
886 1095 1169
1095 1091 1169
1169 1091 1170
1171 1172 1170
1170 1172 1169
1172 887 1169
1169 887 886
1089 1047 1173
1173 1047 1046
1044 1174 1046
1046 1174 1173
1174 1171 1173
1173 1171 1170
1091 1089 1170
1170 1089 1173
1043 1026 1175
1175 1026 1028
1024 1176 1028
1028 1176 1175
1176 1171 1175
1175 1171 1174
1044 1043 1174
1174 1043 1175
618 617 1023
1023 617 1177
617 612 1177
1177 612 1178
1171 1176 1178
1178 1176 1177
1176 1024 1177
1177 1024 1023
586 585 611
611 585 1179
585 593 1179
1179 593 1180
1171 1178 1180
1180 1178 1179
612 611 1178
1178 611 1179
597 581 1181
1181 581 663
659 1182 663
663 1182 1181
1182 1171 1181
1181 1171 1180
593 597 1180
1180 597 1181
638 889 658
658 889 1183
889 887 1183
1183 887 1172
1171 1182 1172
1172 1182 1183
1182 659 1183
1183 659 658
1011 1039 1013
1013 1039 1184
1039 1034 1184
1184 1034 1185
1185 1186 1184
1184 1186 1187
1005 1013 1187
1187 1013 1184
1031 1030 1188
1188 1030 1152
1150 1189 1152
1152 1189 1188
1189 1186 1188
1188 1186 1185
1034 1031 1185
1185 1031 1188
1067 1066 1149
1149 1066 1190
1066 1064 1190
1190 1064 1191
1186 1189 1191
1191 1189 1190
1189 1150 1190
1190 1150 1149
1062 907 1192
1192 907 909
905 1193 909
909 1193 1192
1193 1186 1192
1192 1186 1191
1064 1062 1191
1191 1062 1192
902 901 1194
1194 901 1107
1112 1195 1107
1107 1195 1194
1195 1186 1194
1194 1186 1193
905 902 1193
1193 902 1194
921 1000 1120
1120 1000 1196
1000 1005 1196
1196 1005 1187
1186 1195 1187
1187 1195 1196
1195 1112 1196
1196 1112 1120
1086 1100 1088
1088 1100 1197
1100 1098 1197
1197 1098 1198
1199 1200 1198
1198 1200 1197
1200 1077 1197
1197 1077 1088
1097 884 1201
1201 884 883
881 1202 883
883 1202 1201
1202 1199 1201
1201 1199 1198
1098 1097 1198
1198 1097 1201
880 878 1203
1203 878 997
995 1204 997
997 1204 1203
1204 1199 1203
1203 1199 1202
881 880 1202
1202 880 1203
992 1070 994
994 1070 1205
1070 1077 1205
1205 1077 1200
1199 1204 1200
1200 1204 1205
1204 995 1205
1205 995 994
