320
18.616283 -94.793547 97.882255
34.241283 -86.924864 89.954551
18.616283 -50.322340 124.572090
34.241283 -46.059370 114.491615
34.241283 2.979222 122.670646
18.616283 3.043097 133.468696
-0.137042 3.062141 136.689628
-0.137042 -51.594068 127.578971
-0.137042 -97.140913 100.247001
34.241283 52.017817 114.491615
34.241283 92.883310 89.954559
18.616283 56.408533 124.572090
18.616283 100.879732 97.882263
-0.137042 103.265192 100.247001
-0.137042 57.718348 127.578979
-18.897015 99.759676 96.770958
-34.541963 90.083162 87.176315
-18.897015 55.793505 123.159019
-34.541966 50.480242 110.958961
-34.541963 2.956743 118.886497
-18.897015 3.034105 131.955040
-34.541966 -44.566755 110.958961
-34.541963 -84.169676 87.176307
-18.897015 -49.725294 123.159019
-18.897015 -93.691465 96.770958
18.616283 127.562456 53.399215
34.241283 117.402605 49.059440
34.241283 125.575701 -0.014688
18.616283 136.456698 0.019561
-0.137042 139.702669 0.029774
-0.137042 130.593294 54.693718
34.241283 117.402605 -49.088822
34.241283 92.883318 -89.983933
18.616283 127.562456 -53.360093
18.616283 100.879732 -97.843132
-0.137042 103.265192 -100.187462
-0.137042 130.593302 -54.634171
-18.897015 99.759676 -96.741478
-34.541963 90.083162 -87.229790
-18.897015 126.139376 -52.761380
-34.541966 113.844912 -47.592041
-34.541963 121.765490 -0.026742
-18.897015 134.932619 0.014742
-34.541966 113.844912 47.538559
-18.897015 126.139376 52.790863
18.616283 56.408537 -124.532959
34.241283 52.017817 -114.520989
34.241283 2.979223 -122.700020
18.616283 3.043098 -133.429573
-0.137042 3.062141 -136.630089
-0.137042 57.718351 -127.519425
34.241283 -46.059370 -114.520989
34.241283 -86.924879 -89.983933
18.616283 -50.322340 -124.532959
18.616283 -94.793539 -97.843132
-0.137042 -97.140913 -100.187462
-0.137042 -51.594068 -127.519425
-18.897015 -93.691465 -96.741478
-34.541963 -84.169676 -87.229790
-18.897015 -49.725294 -123.129540
-34.541966 -44.566755 -111.012444
-34.541963 2.956743 -118.939995
-18.897015 3.034105 -131.925560
-34.541966 50.480242 -111.012444
-18.897015 55.793505 -123.129540
18.616283 -121.476255 -53.360089
34.241283 -111.444166 -49.088822
34.241283 -119.617269 -0.014688
18.616283 -130.370497 0.019562
-0.137042 -133.578382 0.029774
-0.137042 -124.469023 -54.634167
34.241283 -111.444166 49.059440
18.616283 -121.476255 53.399215
-0.137042 -124.469023 54.693718
-18.897015 -120.071165 52.790859
-34.541966 -107.931425 47.538555
-34.541963 -115.852003 -0.026742
-18.897015 -128.864408 0.014741
-34.541966 -107.931425 -47.592041
-18.897015 -120.071165 -52.761380
43.616283 -73.810415 -76.885254
43.616283 -94.724012 -41.970040
48.303783 -57.796148 -60.890252
48.303783 -74.306761 -33.277172
48.303783 -79.810301 -0.141481
43.616283 -101.695211 -0.071775
49.866283 -41.228018 -44.342053
49.866283 -26.451994 -29.583809
49.866283 -53.183370 -24.283665
49.866283 -34.344808 -16.262947
49.866283 -36.975748 -0.277915
49.866283 -57.168486 -0.213598
49.866283 -34.344808 15.707117
49.866283 -26.451992 29.027977
49.866283 -53.183370 23.856470
49.866283 -41.228018 43.914859
48.303783 -57.796144 60.607288
48.303783 -74.306761 32.994213
43.616283 -73.810415 76.741706
43.616283 -94.724012 41.826488
43.616283 79.555948 -76.885254
43.616283 44.699953 -97.834389
48.303783 63.281679 -60.890252
48.303783 35.763990 -77.458092
48.303783 2.742767 -82.980713
43.616283 2.872765 -104.817437
49.866283 46.444563 -44.342057
49.866283 31.428648 -29.583807
49.866283 26.518978 -56.377091
49.866283 18.273958 -37.576325
49.866283 2.488329 -40.240494
49.866283 2.608274 -60.388764
49.866283 -13.297302 -37.576325
49.866283 -21.302431 -56.377087
48.303783 -30.278459 -77.458100
43.616283 -38.954424 -97.834389
43.616283 79.555948 76.741706
43.616283 100.469538 41.826488
48.303783 63.281679 60.607288
48.303783 79.792292 32.994213
48.303783 85.295832 -0.141480
43.616283 107.440737 -0.071774
49.866283 46.444567 43.914859
49.866283 31.428648 29.027977
49.866283 58.399916 23.856470
49.866283 39.321463 15.707117
49.866283 41.952402 -0.277915
49.866283 62.385035 -0.213598
49.866283 39.321463 -16.262947
49.866283 58.399916 -24.283665
48.303783 79.792292 -33.277172
43.616283 100.469546 -41.970036
43.616283 -38.954428 97.690841
48.303783 -30.278456 77.175140
48.303783 2.742768 82.697746
43.616283 2.872765 104.673881
49.866283 -21.302429 55.949894
49.866283 -13.297302 37.020496
49.866283 2.488329 39.684665
49.866283 2.608274 59.961574
49.866283 18.273957 37.020496
49.866283 26.518976 55.949894
48.303783 35.763994 77.175140
43.616283 44.699957 97.690841
34.208037 -1.166765 -4.326746
18.549789 0.480716 -2.678990
34.208037 -2.107599 -2.536424
18.549789 -0.007126 -1.640936
-0.236783 -0.292372 -3.448665
-0.236783 -0.992734 -2.059260
-0.236783 -1.226188 -0.391973
18.549789 -0.169740 -0.395271
34.208037 -2.421210 -0.388038
-34.655003 -14.329126 -17.465599
-34.655003 -18.888731 -9.677124
-19.016705 -4.793247 -7.942094
-19.016705 -6.731057 -4.501341
-34.655003 -20.408600 -0.330954
-19.016705 -7.376994 -0.372437
-34.655003 -14.329126 16.803691
-19.016705 -4.793247 7.197220
-34.655003 -18.888731 9.015216
-19.016705 -6.731057 3.756467
-0.236783 -0.292372 2.664718
-0.236783 -0.992734 1.275313
34.208037 -1.166765 3.550669
34.208037 -2.107599 1.760347
18.549789 0.480716 1.888448
18.549789 -0.007126 0.850394
34.208037 4.164628 -5.400939
34.208037 5.732685 -4.326746
18.549789 3.245158 -3.301822
18.549789 4.058229 -2.678990
-0.236783 4.843618 -3.448665
-0.236783 3.676347 -4.282308
-0.236783 2.275623 -4.560189
18.549789 2.269473 -3.509433
34.208037 2.282960 -5.759003
-34.655003 19.107967 -17.465599
-34.655003 11.508627 -22.138684
-19.016705 9.417361 -7.942094
-19.016705 6.187677 -10.006545
-34.655003 2.389420 -23.696381
-19.016705 2.312057 -10.694697
-34.655003 -6.729788 -22.138684
-19.016705 -1.563563 -10.006545
-0.236783 0.874899 -4.282308
18.549789 1.293787 -3.301822
34.208037 0.401292 -5.400939
34.208037 5.732685 3.550669
18.549789 4.058229 1.888448
34.208037 6.673519 1.760347
18.549789 4.546071 0.850394
-0.236783 4.843618 2.664718
-0.236783 5.543980 1.275313
-0.236783 5.777434 -0.391973
18.549789 4.708685 -0.395271
34.208037 6.987130 -0.388038
-34.655003 19.107967 16.803691
-34.655003 23.667572 9.015216
-19.016705 9.417361 7.197220
-19.016705 11.355171 3.756467
-34.655003 25.187439 -0.330954
-19.016705 12.001108 -0.372437
-34.655003 23.667572 -9.677123
-19.016705 11.355171 -4.501341
-0.236783 5.543980 -2.059260
34.208037 6.673519 -2.536424
18.549789 4.546071 -1.640936
34.208037 0.401292 4.624862
18.549789 1.293787 2.511280
-0.236783 0.874899 3.498361
-0.236783 2.275623 3.776242
18.549789 2.269473 2.718891
34.208037 2.282960 4.982926
-34.655003 -6.729788 21.476778
-19.016705 -1.563564 9.261672
-34.655003 2.389420 23.034473
-19.016705 2.312057 9.949822
-34.655003 11.508627 21.476778
-19.016705 6.187677 9.261673
-0.236783 3.676347 3.498362
18.549789 3.245158 2.511280
34.208037 4.164628 4.624862
-43.950211 -68.300024 71.185218
-43.950211 -87.698530 38.784721
-47.111787 -49.255037 51.994728
-47.111783 -63.417250 28.279466
-47.111783 -68.137991 -0.178848
-43.950211 -94.164694 -0.095880
-44.016705 -30.207231 32.801872
-44.016705 -39.132391 17.772924
-44.016705 -42.107443 -0.261815
-44.016705 -39.132391 -18.296553
-44.016705 -30.207228 -33.325501
-47.111783 -49.255037 -52.352425
-47.111783 -63.417250 -28.637162
-43.950211 -68.300024 -71.376976
-43.950211 -87.698530 -38.976479
-43.950211 73.955637 71.185218
-43.950211 41.624804 90.625518
-47.111787 54.601202 51.994728
-47.111783 30.997511 66.223884
-47.111783 2.673082 70.966934
-43.950211 2.827807 97.105621
-44.016705 35.243944 32.801872
-44.016705 20.368679 41.819244
-44.016705 2.518357 44.825035
-44.016705 -15.331964 41.819244
-47.111783 -25.651346 66.223884
-43.950211 -35.969191 90.625518
-43.950211 73.955637 -71.376976
-43.950211 93.354143 -38.976479
-47.111787 54.601202 -52.352425
-47.111783 68.763414 -28.637162
-47.111783 73.484156 -0.178848
-43.950211 99.820307 -0.095880
-44.016705 35.243944 -33.325501
-44.016705 44.169108 -18.296553
-44.016705 47.144159 -0.261815
-44.016705 44.169108 17.772924
-47.111783 68.763414 28.279468
-43.950211 93.354143 38.784721
-43.950211 -35.969191 -90.817284
-47.111783 -25.651346 -66.581581
-47.111783 2.673082 -71.324631
-43.950211 2.827807 -97.297387
-44.016705 -15.331962 -42.342873
-44.016705 2.518357 -45.348664
-44.016705 20.368677 -42.342873
-47.111783 30.997509 -66.581581
-43.950211 41.624804 -90.817284
49.866283 -15.814033 -18.958649
49.866283 -20.782036 -10.488453
48.300456 -8.557961 -11.711081
48.300456 -11.530968 -6.549594
48.300456 -12.521968 -0.355811
49.866283 -22.438036 -0.324221
43.602985 -3.927597 -7.085612
43.602985 -5.627517 -4.035781
43.602985 -6.194157 -0.375984
43.602985 -5.627517 3.283813
43.602985 -3.927598 6.333644
48.300456 -8.557960 10.999460
48.300456 -11.530966 5.837973
49.866283 -15.814032 18.310207
49.866283 -20.782034 9.840012
49.866283 -7.534030 23.392324
48.300456 -3.602951 14.096351
48.300456 2.343061 15.128648
49.866283 2.401974 25.086364
43.602985 -1.094399 8.163541
43.602985 2.305440 8.773508
43.602985 5.705278 8.163541
43.602985 8.538477 6.333643
48.300456 13.244084 10.999460
48.300456 8.289073 14.096351
49.866283 20.617981 18.310207
49.866283 12.337978 23.392322
49.866283 25.585981 9.840013
48.300456 16.217089 5.837973
48.300456 17.208092 -0.355811
49.866283 27.241984 -0.324221
43.602985 10.238396 3.283813
43.602985 10.805036 -0.375984
43.602985 10.238397 -4.035781
43.602985 8.538477 -7.085612
48.300456 13.244084 -11.711081
48.300456 16.217089 -6.549595
49.866283 20.617979 -18.958649
49.866283 25.585981 -10.488454
49.866283 12.337978 -24.040764
48.300456 8.289073 -14.807972
48.300456 2.343061 -15.840270
49.866283 2.401974 -25.734805
43.602985 5.705278 -8.915511
43.602985 2.305440 -9.525477
43.602985 -1.094399 -8.915511
48.300456 -3.602950 -14.807972
49.866283 -7.534030 -24.040764
640
0 1 2
2 1 3
4 5 3
3 5 2
5 6 2
2 6 7
8 0 7
7 0 2
9 10 11
11 10 12
13 14 12
12 14 11
14 6 11
11 6 5
4 9 5
5 9 11
15 16 17
17 16 18
19 20 18
18 20 17
20 6 17
17 6 14
13 15 14
14 15 17
21 22 23
23 22 24
8 7 24
24 7 23
7 6 23
23 6 20
19 21 20
20 21 23
12 10 25
25 10 26
27 28 26
26 28 25
28 29 25
25 29 30
13 12 30
30 12 25
31 32 33
33 32 34
35 36 34
34 36 33
36 29 33
33 29 28
27 31 28
28 31 33
37 38 39
39 38 40
41 42 40
40 42 39
42 29 39
39 29 36
35 37 36
36 37 39
43 16 44
44 16 15
13 30 15
15 30 44
30 29 44
44 29 42
41 43 42
42 43 44
34 32 45
45 32 46
47 48 46
46 48 45
48 49 45
45 49 50
35 34 50
50 34 45
51 52 53
53 52 54
55 56 54
54 56 53
56 49 53
53 49 48
47 51 48
48 51 53
57 58 59
59 58 60
61 62 60
60 62 59
62 49 59
59 49 56
55 57 56
56 57 59
63 38 64
64 38 37
35 50 37
37 50 64
50 49 64
64 49 62
61 63 62
62 63 64
54 52 65
65 52 66
67 68 66
66 68 65
68 69 65
65 69 70
55 54 70
70 54 65
71 1 72
72 1 0
8 73 0
0 73 72
73 69 72
72 69 68
67 71 68
68 71 72
24 22 74
74 22 75
76 77 75
75 77 74
77 69 74
74 69 73
8 24 73
73 24 74
78 58 79
79 58 57
55 70 57
57 70 79
70 69 79
79 69 77
76 78 77
77 78 79
52 80 66
66 80 81
80 82 81
81 82 83
84 85 83
83 85 81
85 67 81
81 67 66
86 87 88
88 87 89
90 91 89
89 91 88
91 84 88
88 84 83
82 86 83
83 86 88
92 93 94
94 93 95
96 97 95
95 97 94
97 84 94
94 84 91
90 92 91
91 92 94
1 71 98
98 71 99
71 67 99
99 67 85
84 97 85
85 97 99
97 96 99
99 96 98
32 100 46
46 100 101
100 102 101
101 102 103
104 105 103
103 105 101
105 47 101
101 47 46
106 107 108
108 107 109
110 111 109
109 111 108
111 104 108
108 104 103
102 106 103
103 106 108
112 87 113
113 87 86
82 114 86
86 114 113
114 104 113
113 104 111
110 112 111
111 112 113
52 51 80
80 51 115
51 47 115
115 47 105
104 114 105
105 114 115
114 82 115
115 82 80
10 116 26
26 116 117
116 118 117
117 118 119
120 121 119
119 121 117
121 27 117
117 27 26
122 123 124
124 123 125
126 127 125
125 127 124
127 120 124
124 120 119
118 122 119
119 122 124
128 107 129
129 107 106
102 130 106
106 130 129
130 120 129
129 120 127
126 128 127
127 128 129
32 31 100
100 31 131
31 27 131
131 27 121
120 130 121
121 130 131
130 102 131
131 102 100
1 98 3
3 98 132
98 96 132
132 96 133
134 135 133
133 135 132
135 4 132
132 4 3
95 93 136
136 93 137
138 139 137
137 139 136
139 134 136
136 134 133
96 95 133
133 95 136
140 123 141
141 123 122
118 142 122
122 142 141
142 134 141
141 134 139
138 140 139
139 140 141
10 9 116
116 9 143
9 4 143
143 4 135
134 142 135
135 142 143
142 118 143
143 118 116
144 145 146
146 145 147
148 149 145
145 149 147
149 150 147
147 150 151
151 152 147
147 152 146
153 154 155
155 154 156
154 157 156
156 157 158
150 149 158
158 149 156
149 148 156
156 148 155
159 160 161
161 160 162
160 163 162
162 163 164
150 158 164
164 158 162
158 157 162
162 157 161
165 166 167
167 166 168
166 152 168
168 152 151
151 150 168
168 150 164
163 167 164
164 167 168
169 170 171
171 170 172
172 173 171
171 173 174
174 175 171
171 175 176
176 177 171
171 177 169
178 179 180
180 179 181
179 182 181
181 182 183
175 174 183
183 174 181
174 173 181
181 173 180
153 155 184
184 155 185
155 148 185
185 148 186
175 183 186
186 183 185
183 182 185
185 182 184
145 144 187
187 144 188
188 177 187
187 177 176
176 175 187
187 175 186
186 148 187
187 148 145
189 190 191
191 190 192
193 194 190
190 194 192
194 195 192
192 195 196
196 197 192
192 197 191
198 199 200
200 199 201
199 202 201
201 202 203
195 194 203
203 194 201
194 193 201
201 193 200
178 180 204
204 180 205
180 173 205
205 173 206
195 203 206
206 203 205
203 202 205
205 202 204
170 207 172
172 207 208
207 197 208
208 197 196
196 195 208
208 195 206
173 172 206
206 172 208
209 165 210
210 165 167
167 163 210
210 163 211
211 212 210
210 212 213
213 214 210
210 214 209
159 215 160
160 215 216
215 217 216
216 217 218
212 211 218
218 211 216
211 163 216
216 163 160
198 200 219
219 200 220
200 193 220
220 193 221
212 218 221
221 218 220
218 217 220
220 217 219
190 189 222
222 189 223
223 214 222
222 214 213
213 212 222
222 212 221
221 193 222
222 193 190
22 224 75
75 224 225
224 226 225
225 226 227
228 229 227
227 229 225
229 76 225
225 76 75
230 159 231
231 159 161
157 232 161
161 232 231
232 228 231
231 228 227
226 230 227
227 230 231
154 153 233
233 153 234
235 236 234
234 236 233
236 228 233
233 228 232
157 154 232
232 154 233
58 78 237
237 78 238
78 76 238
238 76 229
228 236 229
229 236 238
236 235 238
238 235 237
16 239 18
18 239 240
239 241 240
240 241 242
243 244 242
242 244 240
244 19 240
240 19 18
245 198 246
246 198 219
217 247 219
219 247 246
247 243 246
246 243 242
241 245 242
242 245 246
215 159 248
248 159 230
226 249 230
230 249 248
249 243 248
248 243 247
217 215 247
247 215 248
22 21 224
224 21 250
21 19 250
250 19 244
243 249 244
244 249 250
249 226 250
250 226 224
38 251 40
40 251 252
251 253 252
252 253 254
255 256 254
254 256 252
256 41 252
252 41 40
257 178 258
258 178 204
202 259 204
204 259 258
259 255 258
258 255 254
253 257 254
254 257 258
199 198 260
260 198 245
241 261 245
245 261 260
261 255 260
260 255 259
202 199 259
259 199 260
16 43 239
239 43 262
43 41 262
262 41 256
255 261 256
256 261 262
261 241 262
262 241 239
58 237 60
60 237 263
237 235 263
263 235 264
265 266 264
264 266 263
266 61 263
263 61 60
234 153 267
267 153 184
182 268 184
184 268 267
268 265 267
267 265 264
235 234 264
264 234 267
179 178 269
269 178 257
253 270 257
257 270 269
270 265 269
269 265 268
182 179 268
268 179 269
38 63 251
251 63 271
63 61 271
271 61 266
265 270 266
266 270 271
270 253 271
271 253 251
87 272 89
89 272 273
272 274 273
273 274 275
276 277 275
275 277 273
277 90 273
273 90 89
278 144 279
279 144 146
152 280 146
146 280 279
280 276 279
279 276 275
274 278 275
275 278 279
166 165 281
281 165 282
283 284 282
282 284 281
284 276 281
281 276 280
152 166 280
280 166 281
93 92 285
285 92 286
92 90 286
286 90 277
276 284 277
277 284 286
284 283 286
286 283 285
93 285 137
137 285 287
285 283 287
287 283 288
289 290 288
288 290 287
290 138 287
287 138 137
282 165 291
291 165 209
214 292 209
209 292 291
292 289 291
291 289 288
283 282 288
288 282 291
223 189 293
293 189 294
295 296 294
294 296 293
296 289 293
293 289 292
214 223 292
292 223 293
123 140 297
297 140 298
140 138 298
298 138 290
289 296 290
290 296 298
296 295 298
298 295 297
123 297 125
125 297 299
297 295 299
299 295 300
301 302 300
300 302 299
302 126 299
299 126 125
294 189 303
303 189 191
197 304 191
191 304 303
304 301 303
303 301 300
295 294 300
300 294 303
207 170 305
305 170 306
307 308 306
306 308 305
308 301 305
305 301 304
197 207 304
304 207 305
107 128 309
309 128 310
128 126 310
310 126 302
301 308 302
302 308 310
308 307 310
310 307 309
107 309 109
109 309 311
309 307 311
311 307 312
313 314 312
312 314 311
314 110 311
311 110 109
306 170 315
315 170 169
177 316 169
169 316 315
316 313 315
315 313 312
307 306 312
312 306 315
188 144 317
317 144 278
274 318 278
278 318 317
318 313 317
317 313 316
177 188 316
316 188 317
87 112 272
272 112 319
112 110 319
319 110 314
313 318 314
314 318 319
318 274 319
319 274 272
