760
14.847933 98.687905 47.609400
14.892664 99.044068 30.405275
8.895843 99.289681 47.856766
2.000556 100.108725 30.246870
14.912267 99.204365 9.784271
4.788074 100.134279 7.915005
2.078482 99.724944 46.955567
14.881591 98.971643 -28.018876
8.920621 99.497583 -28.124449
14.908118 99.177362 -10.831236
5.479107 99.969449 -10.400565
2.096467 99.883139 -26.748179
-4.043627 100.048310 -22.478596
-8.025267 100.011126 -16.569891
-4.486428 100.332495 -7.177553
-9.733374 100.198046 -4.463783
-10.579117 100.258248 12.829281
-4.946338 100.419460 11.106711
-9.739158 100.132964 29.025290
-8.036606 99.889841 39.886784
-4.492202 100.275137 29.006041
-4.057005 99.917145 43.922153
15.670991 -31.066444 -16.027692
10.484819 -30.661131 -17.277338
19.236101 -15.932895 -22.652468
13.500895 -12.906005 -24.463524
17.136028 8.350176 -26.975241
23.520567 2.207376 -24.907254
30.975383 -4.868673 -23.373272
25.942718 -19.651960 -21.277570
21.750151 -31.975530 -15.025356
23.872581 47.092111 -17.359148
31.404281 35.373448 -16.060415
20.803592 29.508809 -24.510406
27.818006 20.308628 -22.671220
40.209149 22.211244 -15.033535
36.011291 9.904858 -21.282258
48.441568 9.086063 -13.684536
54.255913 -2.521545 -11.419448
43.775243 -0.457156 -19.567618
49.501664 -9.532072 -16.751398
43.796563 -17.944705 -18.528715
38.175655 -11.909019 -21.528644
33.337212 -33.367858 -11.419448
27.909743 -32.904099 -13.684536
38.091463 -26.357334 -16.751398
32.576066 -23.360880 -19.567618
54.255913 -2.521544 27.681526
57.108465 1.684771 18.794941
48.441568 9.086063 29.458057
51.241361 14.811994 19.652924
58.059313 3.086877 8.131039
52.174625 16.720638 7.886761
43.566900 32.051172 7.786823
42.726917 29.586229 20.232123
40.207778 22.199031 30.616615
57.108465 1.684772 -2.532863
51.241361 14.811994 -3.879401
42.727665 29.593095 -4.656119
33.555248 44.404416 -5.190891
25.711982 57.622285 -5.811588
26.322417 61.106928 7.945912
34.271157 47.404571 7.812711
25.704504 57.553629 21.726991
23.858865 46.969975 33.345289
33.552257 44.376952 20.825743
31.398794 35.324592 31.723563
13.486530 -13.007723 40.636491
10.475767 -30.717958 33.389846
19.230353 -15.973582 38.390344
15.667371 -31.089175 31.741387
21.749245 -31.981211 30.621064
25.941281 -19.662131 36.879328
30.973587 -4.882508 38.976937
23.513384 2.152039 40.652746
17.118074 8.211836 43.167249
33.337212 -33.367858 27.681526
38.091463 -26.357334 33.013479
27.909743 -32.904099 29.458057
32.576067 -23.360880 35.341139
43.796563 -17.944702 34.790793
38.175654 -11.909018 37.302169
49.501664 -9.532069 33.013479
43.775243 -0.457156 35.341139
36.009543 9.890332 36.877122
20.786120 29.363557 40.614447
27.811018 20.250526 38.381526
25.109949 -38.630028 -3.879402
30.484662 -37.574176 -2.532863
29.533812 -38.976281 8.131039
24.176685 -40.538673 7.886761
18.395857 -41.835432 7.795438
19.234536 -39.369912 -4.646837
30.484662 -37.574176 18.794941
25.109949 -38.630028 19.652923
19.234098 -39.372422 20.238921
8.670058 -41.341709 21.794986
13.529879 -40.157573 20.852942
8.069557 -44.875685 8.032069
12.817944 -43.177462 7.847173
8.674426 -41.316592 -5.718757
13.531626 -40.147526 -5.153759
-18.038076 85.593800 29.568136
-18.201561 72.602207 43.367598
-17.444398 87.111378 33.711489
-17.058922 72.713371 47.892244
-15.317009 74.820729 51.684664
-16.325864 88.720493 39.112824
-16.335117 97.112421 20.873557
-17.229086 93.929291 14.823515
-17.734234 91.242794 11.523957
-10.280592 85.365023 58.363518
-10.850275 92.506281 55.874289
-12.739117 80.810419 55.874289
-14.229598 91.149681 47.482775
-10.926268 97.476528 51.081890
-14.352254 97.188284 38.802560
-9.787844 99.522450 45.481127
-12.940643 99.643360 32.470429
-13.999773 99.716980 15.610414
-12.932859 99.734350 -3.713166
-9.771946 99.695631 -20.919621
-11.452475 97.639763 -24.554407
-14.812165 98.159902 -4.852488
-15.825346 81.044410 -32.065090
-17.061061 90.523459 -9.494712
-13.016840 92.490606 -27.837119
-16.098586 94.693194 -7.808535
0.284366 -57.026834 -9.437923
0.777371 -52.846104 -25.302557
1.427416 -51.733062 -8.670892
2.430463 -43.457211 -23.703477
4.546830 -34.835605 -21.695579
3.069543 -46.499784 -7.728037
2.572979 -50.408432 8.710978
1.088323 -54.512932 9.083637
0.115316 -58.439170 9.405203
7.004189 -31.243881 -19.360083
5.336137 -43.230818 -6.660421
4.777312 -47.241013 8.340231
5.327402 -43.281056 23.365064
6.986088 -31.357539 36.137279
4.520951 -34.992161 39.247957
3.056872 -46.569809 25.182599
2.402979 -43.606073 41.986154
0.752183 -52.963644 44.191996
1.413430 -51.802162 26.867016
0.270997 -57.084352 28.268088
1.559642 -46.078269 54.218190
4.057209 -29.930009 51.747950
6.964949 -15.683745 48.468188
10.233951 15.323997 54.769711
4.935734 -17.515329 57.670846
1.769299 -39.822592 59.905697
9.753060 -11.477048 44.380071
13.110677 12.314091 47.358086
16.541303 35.969556 44.335978
19.432237 55.642413 36.048168
17.657245 64.141787 39.106315
15.043483 45.093060 48.392806
19.347065 85.791668 43.971310
18.419610 78.932312 54.071915
18.072226 75.267983 41.793847
16.259581 61.758615 51.631612
16.951950 72.883943 59.817397
13.955137 49.747672 57.612199
14.766086 71.114176 62.764287
11.000337 71.513291 64.053949
11.384192 46.058139 61.245126
7.426704 46.543767 63.294372
3.449078 16.853752 62.852740
7.419219 16.321665 60.361869
-2.567105 -37.341110 64.078582
0.457073 -37.590962 62.813560
0.045618 -12.682129 63.308445
3.598166 -13.103391 61.273278
19.414556 86.404112 -25.745099
20.216459 93.071494 -26.833208
19.948062 90.326525 -9.879416
20.432339 94.619073 -10.387145
20.050868 96.748634 -27.484918
20.112790 97.161888 -10.663968
20.123765 97.208812 9.480297
20.492507 95.023321 9.265789
20.113304 91.514663 9.015386
18.432126 98.385334 -27.842921
18.450190 98.495704 -10.789573
18.449105 98.467178 9.655121
18.387620 97.996153 47.197128
18.428406 98.300426 30.110806
19.995371 96.249618 46.525290
20.084418 96.900894 29.644507
20.151649 92.483503 45.499239
20.398447 94.304660 28.952336
19.912302 89.994408 27.959047
-2.004772 -37.029354 -44.476759
1.146638 -12.247303 -43.864980
0.707126 -37.307965 -43.436759
4.071879 -12.695466 -42.213196
4.882301 17.433470 -43.518273
8.036584 16.887664 -41.519786
10.355436 15.793238 -36.763682
5.090187 -17.169998 -38.999084
1.860847 -39.581201 -40.761053
11.628951 72.352983 -44.559345
15.085956 72.002247 -43.601923
8.566344 47.285653 -43.912170
11.898243 46.815012 -42.307577
17.110111 73.760398 -41.027341
14.148922 50.472862 -39.168657
18.130814 75.796673 -24.077905
18.510774 79.721543 -35.601403
16.336919 62.419938 -33.602929
17.700695 64.530434 -21.960984
15.099511 45.563424 -30.921706
19.459668 55.886678 -19.523702
16.576247 36.260060 -27.575718
13.146583 12.590771 -30.421882
9.781784 -11.273613 -27.481954
7.005112 -15.407651 -30.752780
1.593561 -45.895738 -35.229959
4.097217 -29.680050 -33.321023
-22.014185 -62.616775 -4.463783
-20.847991 -62.544144 -16.569889
-18.528942 -63.127314 -7.177553
-18.192619 -62.871347 -22.478594
-14.065833 -63.201175 -26.737047
-14.172367 -63.492269 -9.934433
-14.260577 -63.592859 10.207828
-18.850048 -63.208104 11.106711
-22.590006 -62.660902 12.829282
-9.441117 -63.402942 -28.079932
-5.348043 -63.424364 -27.907575
-9.470551 -63.687581 -10.814382
-5.373651 -63.671446 -10.726608
-5.383501 -63.760406 9.874258
-9.481172 -63.788551 9.897756
-5.377653 -63.693863 30.476789
-5.356171 -63.474432 47.662759
-9.473281 -63.710345 30.610560
-9.447192 -63.457462 47.878112
-14.071167 -63.266390 46.960901
-14.174644 -63.519606 30.254023
-18.198123 -62.950882 43.922153
-20.853778 -62.631689 39.886787
-18.531402 -63.163190 29.006044
-22.017497 -62.667791 29.025290
-5.882568 90.897579 61.340322
-7.081791 80.629748 62.110186
-1.889726 74.380032 64.406294
0.253420 88.460781 64.263640
1.332277 96.066349 62.293949
-5.397310 96.920748 58.549564
4.793024 71.971559 64.827745
7.137603 87.333052 65.027009
13.191817 86.887681 64.552105
14.338242 94.986004 63.091370
8.360166 95.458779 63.403400
14.776703 98.127318 57.974284
8.824498 98.664700 58.238616
1.898178 99.099276 57.081259
-4.573753 99.363140 53.256753
-8.500028 76.087307 -40.583796
-6.947783 90.409050 -38.914693
-5.638554 97.038548 -36.186860
1.424635 96.460791 -41.853335
0.480628 88.802652 -43.811817
-1.087885 73.747153 -44.187781
-4.549083 99.600983 -31.428260
1.932621 99.399643 -36.774887
14.834058 98.595760 -38.356279
8.870069 99.040877 -38.495307
14.471600 95.636139 -43.466472
8.532134 96.011048 -43.657335
13.500299 87.679181 -44.972468
7.640445 88.025538 -45.299048
5.929722 72.718498 -45.133797
19.753596 89.580253 55.733238
19.857250 95.266484 56.819277
19.037345 92.658528 60.627809
18.787835 87.087519 61.278852
18.326287 97.555041 57.533733
17.918387 94.535994 62.571325
16.837902 86.497913 63.760598
17.028833 87.365042 -44.428170
18.030696 95.282913 -43.148371
19.140034 93.440067 -41.415074
18.913906 87.964822 -42.219338
18.395378 98.135375 -38.124568
19.937372 95.957568 -37.679187
19.843381 90.360191 -36.899143
-7.493319 -37.030763 64.837605
-5.720795 -12.239486 64.529547
-2.994868 17.389306 64.347267
-11.617312 18.290677 63.715183
-12.067776 -16.238851 64.139278
-12.939515 -38.688671 64.408757
0.962635 47.058315 64.523920
-5.648517 51.921570 64.137870
-10.047263 65.453325 61.340322
-13.556509 52.576933 59.336037
-18.453663 51.293716 51.652123
-16.387061 49.209192 56.402632
-19.371415 25.899708 54.386919
-16.818469 21.248575 59.228745
-21.531858 0.651553 51.537181
-23.847378 -20.307680 43.068122
-19.742785 -6.518747 56.356657
-23.220381 -29.619662 47.772448
-22.271434 -36.387106 51.654720
-17.997488 -14.613414 59.324542
-20.346207 -48.696243 58.363512
-17.523649 -44.343597 62.110186
-21.358927 -44.023613 55.874286
-17.362023 -29.143616 61.340322
19.167780 83.452816 26.589397
19.231677 75.632410 24.970401
19.764948 79.542406 8.442357
19.544136 86.286766 8.732877
21.170781 67.485735 23.229069
21.755695 71.484331 8.167914
21.185737 67.623041 -6.846083
19.255230 75.849258 -8.020534
19.199183 83.743504 -9.061096
-18.169632 -54.447590 61.340322
-21.732770 -55.584311 55.874286
-22.472567 -60.301943 51.081890
-18.690137 -60.246067 58.549564
-14.038315 -60.009373 62.297053
-13.622798 -52.621046 64.266451
-21.983778 -62.240819 45.481127
-18.475336 -62.529504 53.256753
-14.106748 -62.827061 57.085225
-5.319124 -63.104737 58.013931
-9.403213 -63.034408 58.254477
-5.010058 -60.206240 63.122399
-9.173598 -60.068533 63.415810
-4.172525 -52.400427 64.580263
-8.590611 -52.187218 65.038271
-1.468011 -52.514995 63.816908
-2.461769 -60.205198 62.633376
-1.250740 -58.615996 60.719654
-0.176630 -53.416618 61.374101
-2.808873 -62.991257 57.613014
-2.828059 -63.267591 47.303833
-1.325571 -61.998617 46.688925
-1.244471 -61.138491 56.938649
-0.311412 -58.829232 45.705619
0.002059 -55.990963 55.877734
-0.496503 -60.522642 29.235585
-1.371914 -62.507300 29.865503
-1.384161 -62.665161 9.758491
-0.554078 -61.071787 9.622675
-2.838079 -63.428610 30.253836
-2.839234 -63.473657 9.835094
-2.816169 -63.213137 -27.620315
-2.831824 -63.402054 -10.580315
-1.309025 -61.931005 -27.145778
-1.362978 -62.472847 -10.341978
-0.290150 -58.739684 -26.411591
-0.485008 -60.477274 -9.978066
0.029620 -55.859618 -36.522859
-1.222969 -61.040264 -37.362791
-1.216980 -58.486868 -41.144417
-0.125337 -53.249919 -41.927065
-2.792564 -62.906241 -37.912831
-5.306610 -63.016544 -38.250412
-4.939299 -60.064648 -43.369217
-2.419304 -60.077592 -42.953864
-3.936051 -52.185362 -44.878090
-1.354671 -52.323422 -44.239407
37.220003 -32.882520 -7.644302
34.685470 -35.848633 -0.288633
39.681794 -31.536832 -3.191736
37.677367 -33.521857 2.344201
37.009225 -34.183531 8.987325
33.840626 -36.837337 8.538169
37.645869 -15.155212 4.230453
36.605517 -20.051582 8.419930
40.846262 -29.419534 1.105613
39.425342 -30.662292 4.856552
38.951703 -31.076544 9.357680
36.524343 -16.995070 12.037952
40.846262 -29.419534 17.609747
39.425342 -30.662292 13.858807
39.681794 -31.536828 21.166385
37.677367 -33.521857 15.630448
37.220003 -32.882520 24.720641
34.685470 -35.848633 17.364970
55.806573 -11.131023 -7.644302
51.582352 -16.074545 -12.057703
54.380923 -16.979966 -3.191735
51.040210 -20.288347 -6.513297
47.031358 -24.258401 -7.620484
46.513288 -22.006774 -13.528836
44.196938 -17.841001 6.313768
45.042441 -21.770206 3.988526
51.266342 -20.305981 1.105613
48.898142 -22.377243 -1.144951
46.056302 -24.862757 -1.895139
43.214462 -27.348271 -1.144951
43.022505 -28.228452 -6.513297
41.444223 -27.938999 -12.057703
58.341105 -8.164905 17.364970
55.806573 -11.131019 24.720639
54.380923 -16.979965 21.166384
56.385349 -14.994938 15.630448
57.053492 -14.333264 8.987325
59.185949 -7.176202 8.538169
51.266344 -20.305981 17.609747
43.611129 -14.125115 12.707053
52.687262 -19.063222 13.858807
43.726365 -13.578704 10.763757
44.749901 -13.618833 8.844892
53.160903 -18.648970 9.357680
52.687262 -19.063225 4.856553
56.385349 -14.994941 2.344201
58.341105 -8.164908 -0.288633
41.444223 -27.938999 29.134041
43.022505 -28.228452 24.487947
47.031358 -24.258397 25.595133
46.513288 -22.006770 30.605176
42.408254 -25.421038 16.036251
43.214462 -27.348271 19.860311
44.293651 -23.983021 16.501095
46.056303 -24.862757 20.610498
41.088022 -14.877779 13.658191
48.898142 -22.377243 19.860311
51.040210 -20.288343 24.487947
51.582352 -16.074542 29.134041
41.275328 -15.924729 5.014740
41.221877 -8.408138 5.554188
39.311707 -8.796224 3.840946
40.084976 -20.747409 13.290129
35.155441 -7.615979 12.932605
38.372256 -3.130969 3.312767
39.641723 3.217540 4.670287
37.464057 2.887238 3.048677
33.938240 -1.739036 2.722217
37.972822 12.481113 5.273666
29.873796 9.979982 8.426974
36.352380 8.995507 2.960647
39.046393 3.352354 11.617691
39.995794 3.631424 9.903888
40.312261 3.724447 7.847325
38.184200 13.061494 8.846627
37.110827 12.609265 11.616499
32.001929 0.200876 13.135080
33.611773 1.338194 13.228056
36.659897 3.244544 12.966691
34.512277 13.343406 12.948585
24.970809 20.264396 4.969756
19.747158 26.839438 5.229157
25.681447 20.778052 12.032473
20.440352 27.692655 11.948669
14.396476 31.994948 5.178818
15.964840 32.191354 11.943893
29.771039 21.934008 2.785681
32.832472 24.529632 4.690211
20.700607 39.157380 4.843166
20.907001 34.085833 2.494284
26.743535 32.897572 4.582443
23.954021 30.225300 2.786262
32.409390 24.008008 11.614252
33.397074 24.631844 8.844737
26.324317 32.479764 11.598526
20.355177 38.745792 11.571567
27.217652 33.266309 8.831499
20.425664 40.763188 8.634362
31.190851 21.703275 12.972183
18.516906 36.608516 12.788871
25.001702 30.062812 12.970365
0.343235 43.856463 4.828955
-0.060252 42.936124 7.765826
7.931068 38.056343 5.361075
-15.355522 53.489680 7.731599
-7.331169 48.031909 7.749773
-15.132422 54.696150 4.799703
-5.917375 48.163360 4.568247
-15.000043 55.768411 11.494293
-6.506955 51.132691 12.026216
-15.266755 54.114938 9.791788
-7.204454 48.563129 9.814061
2.279885 44.721259 12.272625
0.100883 43.382954 9.833734
8.939210 38.295124 11.772174
10.739291 42.750356 2.850118
12.906494 46.397168 4.821397
4.376178 53.817916 4.795106
2.899385 50.944943 2.691284
-13.983171 69.250201 4.945092
-13.890435 63.253262 2.744407
-3.839240 60.698360 4.768480
-5.044712 56.268910 2.733804
-14.552703 58.134894 2.899947
-6.187755 52.064621 2.914400
1.392108 46.415870 2.927166
12.609454 45.887594 11.526635
13.299637 47.042083 8.770988
4.131847 53.198459 11.472370
4.697294 54.588497 8.725313
-4.032953 59.971685 11.417413
-13.042795 67.289456 11.355195
-3.587409 61.590797 8.679056
-12.729424 69.162649 8.626687
2.357864 48.912446 12.884824
11.033275 43.285588 12.749422
-14.555537 58.414920 12.489613
-14.021990 61.552155 12.790021
-5.428909 54.997238 12.840360
-13.488156 64.677774 12.407790
-4.667687 57.707667 12.466700
3.325340 51.248167 12.518736
28.324226 -7.326496 3.367610
27.848681 -8.715260 5.691624
26.966749 -7.836436 10.223613
29.765320 -4.615375 2.537897
30.050550 -0.456563 5.732195
31.487326 -5.407066 12.776924
30.638842 -5.735991 12.641191
30.422832 -2.681286 12.972392
31.079357 -1.229269 13.063027
28.438610 -6.214501 12.253871
16.800581 -4.461317 3.839745
17.057079 -3.742990 1.069872
22.602172 -6.525792 9.221364
17.280067 -4.270557 8.186217
23.569544 -0.407547 8.381892
23.108910 -4.151533 1.231487
19.602359 1.182227 3.098345
17.782391 -1.798778 -0.088445
20.286270 -1.172393 10.296735
22.880275 -5.122204 11.125652
17.423505 -2.716805 9.725725
10.697563 -1.010527 1.776092
11.160584 -0.267146 -0.815215
5.029695 4.173449 -3.234814
3.358672 4.282706 -1.139163
-3.833526 10.558587 -6.951762
-4.126580 9.578665 -4.193060
-3.373952 9.817432 0.143944
5.030806 3.742758 3.745905
10.968432 -0.577577 6.243578
13.705933 0.921594 -1.816021
13.689262 5.260901 4.966557
7.254465 9.120767 -0.796720
5.946548 6.175782 -4.363456
-2.281611 15.261254 -1.296628
-3.019705 12.916627 -8.097312
11.624003 0.751577 7.840638
5.521588 5.235112 5.435152
-3.349159 11.846484 1.788769
-13.707256 16.934689 -11.054496
-13.455689 15.590714 -8.041057
-13.655810 16.540816 -4.132096
-11.459952 25.564151 -6.187168
-13.122750 20.026208 -12.234846
-13.247466 18.688942 -2.168720
-12.737007 21.627826 -1.973889
-19.671041 54.774116 44.196532
-18.981633 72.601119 36.981323
-19.424914 72.631621 29.772841
-20.205980 58.914271 35.432029
-21.197818 42.568609 37.252408
-20.739530 33.522034 46.548175
-19.404139 72.473540 17.046949
-19.895612 66.229324 19.560995
-19.557160 72.615245 22.781573
-20.225246 62.978042 26.754791
-20.482208 58.780683 20.397438
-21.021286 51.492472 28.039542
-21.064714 51.370136 19.511643
-21.543914 45.240199 16.858975
-21.809475 40.096614 26.560841
-22.453995 30.728532 22.243708
-23.262305 13.028566 29.009472
-22.304172 26.355899 35.142162
-23.794059 -5.037554 36.382368
-22.298645 12.408656 43.966647
-18.054405 80.635996 -19.561052
-17.968532 86.839930 -6.824427
-18.910733 78.096712 -11.373938
-18.690752 83.257665 -2.447229
-18.725632 84.350460 9.023353
-18.267932 87.961250 9.819909
-19.388157 74.721802 -5.034072
-19.362109 73.688821 1.572667
-19.097456 79.391729 0.987337
-19.016901 77.526379 8.045943
-19.002785 80.676217 8.446267
-19.106983 76.270823 12.899935
-19.152845 78.466013 16.194873
-18.950911 80.959395 20.366661
-18.559781 83.439231 24.972137
-18.387754 71.634976 12.752206
-18.067476 74.370566 8.889970
-18.515778 73.014320 3.942060
-20.043176 55.545442 12.823337
-19.668995 59.211150 14.228690
-19.217993 63.590886 14.670897
-19.018236 68.076089 13.845491
-18.918360 69.910156 -22.990141
-18.700648 63.656489 -30.016892
-20.137617 52.049270 -26.209591
-19.963040 57.871510 -21.235291
-20.077539 58.885712 -15.393547
-19.450048 69.283286 -15.085626
-20.843521 43.314481 -22.006652
-20.981865 38.609016 -16.965569
-20.591095 47.729168 -18.420100
-20.853758 40.870793 -12.355057
-20.562059 48.972321 -14.108955
-21.087195 38.351947 -6.386609
-20.912064 45.479851 -6.207558
-20.932725 40.166452 -9.096832
-20.690891 47.927898 -9.796884
-20.583719 54.117545 -5.457000
-20.298212 57.271670 -9.873481
-20.143438 63.020713 -3.681466
-19.826191 66.775712 -8.470111
-23.637901 -37.776667 -32.223728
-20.107893 -9.154040 -38.433176
-17.696827 -37.274814 -40.649285
-15.323518 -11.720804 -42.209848
-17.664560 20.359013 -39.714531
-12.545604 19.256939 -42.946621
-6.328880 18.482537 -44.674381
-9.331328 -11.581313 -44.524858
-11.860672 -36.664359 -44.195898
-16.041348 50.367573 -38.449128
-10.318537 50.448122 -42.166189
-3.469395 48.616238 -44.518663
3.134681 47.724071 -44.874929
-0.212885 17.919904 -44.717372
-3.581187 -11.816367 -44.856054
-6.412013 -36.698679 -45.100766
-8.147149 -51.940970 -45.261297
-9.052153 -59.899403 -43.618429
-13.947649 -59.690166 -41.846339
-13.300862 -51.855648 -43.813296
-9.392565 -62.930140 -38.452960
-14.096781 -62.702912 -36.764303
-21.975306 -62.111884 -20.919620
-18.465630 -62.390722 -31.428260
-22.823924 -59.441830 -24.583485
-18.815578 -59.545263 -36.197771
-23.170627 -52.636647 -27.953434
-18.710078 -52.194801 -38.958355
-21.659057 45.711138 3.203970
-22.475751 32.897981 0.656589
-22.679835 29.347322 3.698516
-23.115165 21.048664 -0.542193
-23.392234 15.918318 2.381193
-24.071168 1.724706 5.381955
-22.896896 24.621907 7.840867
-21.895558 40.973399 7.741953
-23.433510 14.510693 -1.481485
-23.514667 12.605304 -1.387538
-23.646813 10.354392 0.286417
-23.621686 9.984304 -1.996884
-23.871411 4.418128 -3.446264
-23.989364 3.007509 -0.478322
-24.183514 -1.939445 -7.351908
-24.290533 -4.560444 -7.961252
-24.315660 -4.190357 -5.677952
-24.436784 -7.306429 -10.428039
-24.575886 -13.740829 -13.353782
-24.577121 -11.476568 -5.698559
-25.348534 -41.956843 -10.169809
-24.666729 -25.082629 -20.094035
-24.984767 -26.113977 -8.290004
-25.718282 -39.271021 10.691127
-25.033968 -21.320967 8.125403
-25.230374 -32.834919 28.944935
-24.671449 -15.288127 23.725740
-23.809467 5.339041 18.762515
-21.820603 41.633384 12.394799
-22.819044 25.326304 15.013157
-18.676816 65.848742 2.369155
-19.648657 59.667679 2.520092
-20.141953 54.923685 4.427545
-19.996950 65.052715 0.467058
-20.431349 59.877744 0.991247
-20.918139 54.623585 1.314508
-20.335659 52.644311 7.717110
-20.264980 53.308128 10.433259
-19.266436 45.522445 -33.999110
-20.487238 21.904660 -35.158555
-21.715934 23.508732 -29.946290
-20.784154 39.239201 -29.127316
-23.736922 -15.134994 -29.381788
-22.234578 -0.800230 -33.717004
-23.527558 -0.178497 -24.990689
-22.746232 8.925304 -28.624344
-23.120379 9.775231 -20.973922
-22.681490 15.656921 -16.172336
-22.685503 15.607245 -23.718205
-22.346723 19.875209 -19.687140
-21.911713 25.679486 -20.395482
-22.052931 24.786083 -24.745335
-21.452076 31.930989 -19.926431
-21.384869 34.844307 -24.144940
-24.222747 -13.642393 -21.860245
-24.196792 -6.130638 -14.298869
-23.500067 8.577874 -10.784133
-23.712415 0.529913 -18.874548
-24.163807 -2.407930 -9.844151
-23.761582 5.681150 -6.727620
-23.494960 12.136819 -3.879781
-23.180587 17.976851 -4.554792
-22.258463 34.350532 -2.280765
-22.439028 27.743282 -5.194073
-22.996177 13.953398 -11.555023
-22.383887 24.456149 -6.563252
-22.592650 17.277936 -11.068089
-22.191526 23.070703 -7.041306
-23.195347 9.757478 -16.422853
-20.498433 58.651551 -1.257556
-20.892701 50.511491 -2.926007
-21.243053 46.074511 -1.982105
-20.903249 53.620958 -0.432696
-21.160050 42.512139 -4.064647
-21.278942 35.866463 -4.773521
-21.504180 32.794751 -4.200000
-21.444276 38.790652 -3.263315
-21.759133 29.221562 -4.608484
-21.774167 34.081276 -3.698728
-21.652682 40.427606 -2.326899
-21.369948 47.881658 -0.441199
-25.478344 -52.859429 -8.055497
-25.140679 -59.356974 -4.914227
-26.023623 -58.502970 20.821179
-26.052309 -50.596460 14.496153
-24.102030 -61.984705 -3.713165
-24.820859 -61.977882 15.610415
-24.106864 -62.060100 32.470432
-24.729114 -59.700327 38.802560
-23.813880 -53.948673 47.482772
-24.858363 -49.845856 39.050503
-25.311604 -43.581053 33.462207
-19.961505 30.896269 -13.940488
-20.974609 25.432608 -15.731489
-21.705767 26.131719 -17.736534
-21.730761 19.675591 -13.967516
-20.524799 19.945349 -12.004732
-21.019977 19.737111 -10.115034
-22.235225 19.204876 -10.728378
-20.976558 21.082967 -6.940701
-21.960479 22.168501 -7.281239
-20.529933 23.796497 -4.994480
-20.225680 27.414619 -4.792140
-21.632324 26.227364 -5.107969
-21.420040 29.112160 -4.715836
-21.067832 33.978146 -6.447623
-21.227822 31.787413 -5.152672
-19.414306 30.974038 -8.374897
-20.481440 32.647555 -8.216659
-20.445291 33.041118 -10.522714
-20.952225 35.409393 -8.629836
-20.902792 35.908801 -11.255056
1524
0 1 2
2 1 3
1 4 3
3 4 5
3 6 2
7 8 9
9 8 10
8 11 10
4 9 5
5 9 10
12 13 14
14 13 15
16 17 15
15 17 14
17 5 14
14 5 10
11 12 10
10 12 14
18 19 20
20 19 21
6 3 21
21 3 20
5 17 3
3 17 20
17 16 20
20 16 18
22 23 24
24 23 25
26 27 25
25 27 24
27 28 24
24 28 29
30 22 29
29 22 24
31 32 33
33 32 34
32 35 34
34 35 36
28 27 36
36 27 34
27 26 34
34 26 33
37 38 39
39 38 40
41 42 40
40 42 39
42 28 39
39 28 36
35 37 36
36 37 39
43 44 45
45 44 46
44 30 46
46 30 29
28 42 29
29 42 46
42 41 46
46 41 45
47 48 49
49 48 50
48 51 50
50 51 52
53 54 52
52 54 50
54 55 50
50 55 49
38 37 56
56 37 57
37 35 57
57 35 58
53 52 58
58 52 57
52 51 57
57 51 56
32 31 59
59 31 60
61 62 60
60 62 59
62 53 59
59 53 58
35 32 58
58 32 59
63 64 65
65 64 66
55 54 66
66 54 65
54 53 65
65 53 62
61 63 62
62 63 65
67 68 69
69 68 70
71 72 70
70 72 69
72 73 69
69 73 74
75 67 74
74 67 69
76 77 78
78 77 79
77 80 79
79 80 81
73 72 81
81 72 79
72 71 79
79 71 78
82 47 83
83 47 49
55 84 49
49 84 83
84 73 83
83 73 81
80 82 81
81 82 83
64 85 66
66 85 86
85 75 86
86 75 74
73 84 74
74 84 86
84 55 86
86 55 66
44 43 87
87 43 88
89 90 88
88 90 87
91 92 90
90 92 87
92 30 87
87 30 44
76 78 93
93 78 94
78 71 94
94 71 95
91 90 95
95 90 94
90 89 94
94 89 93
68 96 70
70 96 97
98 99 96
96 99 97
99 91 97
97 91 95
71 70 95
95 70 97
100 23 101
101 23 22
30 92 22
22 92 101
92 91 101
101 91 99
98 100 99
99 100 101
102 103 104
104 103 105
106 107 105
105 107 104
107 108 104
104 108 109
110 102 109
109 102 104
111 112 113
113 112 114
112 115 114
114 115 116
108 107 116
116 107 114
107 106 114
114 106 113
117 19 118
118 19 18
16 119 18
18 119 118
119 108 118
118 108 116
115 117 116
116 117 118
15 13 120
120 13 121
122 123 121
121 123 120
108 119 123
123 119 120
119 16 120
120 16 15
124 125 126
126 125 127
125 110 127
127 110 109
108 123 109
109 123 127
123 122 127
127 122 126
128 129 130
130 129 131
132 133 131
131 133 130
133 134 130
130 134 135
136 128 135
135 128 130
23 100 137
137 100 138
100 98 138
138 98 139
134 133 139
139 133 138
133 132 138
138 132 137
96 68 140
140 68 141
141 142 140
140 142 143
143 134 140
140 134 139
98 96 139
139 96 140
144 145 146
146 145 147
147 136 146
146 136 135
134 143 135
135 143 146
142 144 143
143 144 146
145 144 148
148 144 149
144 142 149
149 142 150
151 152 150
150 152 149
152 153 149
149 153 148
68 67 141
141 67 154
67 75 154
154 75 155
151 150 155
155 150 154
142 141 150
150 141 154
85 64 156
156 64 157
158 159 157
157 159 156
159 151 156
156 151 155
75 85 155
155 85 156
160 161 162
162 161 163
161 164 163
163 164 165
151 159 165
165 159 163
159 158 163
163 158 162
166 167 168
168 167 169
169 170 168
168 170 171
171 151 168
168 151 165
164 166 165
165 166 168
172 173 174
174 173 175
153 152 173
173 152 175
152 151 175
175 151 171
171 170 175
175 170 174
176 177 178
178 177 179
180 181 177
177 181 179
181 182 179
179 182 183
183 184 179
179 184 178
7 9 185
185 9 186
4 187 9
9 187 186
187 182 186
186 182 181
181 180 186
186 180 185
0 188 1
1 188 189
188 190 189
189 190 191
182 187 191
191 187 189
187 4 189
189 4 1
192 160 193
193 160 194
184 183 194
194 183 193
183 182 193
193 182 191
190 192 191
191 192 193
195 196 197
197 196 198
199 200 196
196 200 198
200 201 198
198 201 202
203 197 202
202 197 198
204 205 206
206 205 207
208 209 205
205 209 207
209 201 207
207 201 200
200 199 207
207 199 206
176 210 211
211 210 212
210 213 212
212 213 214
201 209 214
214 209 212
209 208 212
212 208 211
215 31 216
216 31 33
26 217 33
33 217 216
217 201 216
216 201 214
213 215 214
214 215 216
23 137 25
25 137 218
132 219 137
137 219 218
219 201 218
218 201 217
217 26 218
218 26 25
129 220 131
131 220 221
220 203 221
221 203 202
201 219 202
202 219 221
219 132 221
221 132 131
222 223 224
224 223 225
226 227 225
225 227 224
227 228 224
224 228 229
230 222 229
229 222 224
231 232 233
233 232 234
235 236 234
234 236 233
228 227 236
236 227 233
227 226 233
233 226 231
237 238 239
239 238 240
240 241 239
239 241 242
228 236 242
242 236 239
235 237 236
236 237 239
243 244 245
245 244 246
246 230 245
245 230 229
229 228 245
245 228 242
241 243 242
242 243 245
112 111 247
247 111 248
249 250 248
248 250 247
250 251 247
247 251 252
115 112 252
252 112 247
253 167 254
254 167 255
256 257 255
255 257 254
251 250 257
257 250 254
250 249 254
254 249 253
0 2 258
258 2 259
6 260 2
2 260 259
260 251 259
259 251 257
257 256 259
259 256 258
19 117 21
21 117 261
117 115 261
261 115 252
251 260 252
252 260 261
260 6 261
261 6 21
262 124 263
263 124 126
122 264 126
126 264 263
264 265 263
263 265 266
267 262 266
266 262 263
13 12 121
121 12 268
12 11 268
268 11 269
265 264 269
269 264 268
264 122 268
268 122 121
7 270 8
8 270 271
270 272 271
271 272 273
273 265 271
271 265 269
11 8 269
269 8 271
274 204 275
275 204 276
276 267 275
275 267 266
265 273 266
266 273 275
272 274 273
273 274 275
161 160 277
277 160 192
192 190 277
277 190 278
278 279 277
277 279 280
164 161 280
280 161 277
188 0 281
281 0 258
256 282 258
258 282 281
282 279 281
281 279 278
190 188 278
278 188 281
167 166 255
255 166 283
166 164 283
283 164 280
280 279 283
283 279 282
282 256 283
283 256 255
204 274 205
205 274 284
274 272 284
284 272 285
285 286 284
284 286 287
287 208 284
284 208 205
270 7 288
288 7 185
180 289 185
185 289 288
289 286 288
288 286 285
272 270 285
285 270 288
177 176 290
290 176 211
208 287 211
211 287 290
287 286 290
290 286 289
180 177 289
289 177 290
291 172 292
292 172 174
170 293 174
174 293 292
293 294 292
292 294 295
296 291 295
295 291 292
167 253 169
169 253 297
249 298 253
253 298 297
298 294 297
297 294 293
293 170 297
297 170 169
111 113 248
248 113 299
113 106 299
299 106 300
294 298 300
300 298 299
298 249 299
299 249 248
103 301 105
105 301 302
301 303 302
302 303 304
294 300 304
304 300 302
106 105 300
300 105 302
305 306 307
307 306 308
309 310 308
308 310 307
310 294 307
307 294 304
303 305 304
304 305 307
311 312 313
313 312 314
312 296 314
314 296 295
294 310 295
295 310 314
310 309 314
314 309 313
194 160 315
315 160 162
158 316 162
162 316 315
316 317 315
315 317 318
318 184 315
315 184 194
64 63 157
157 63 319
63 61 319
319 61 320
317 316 320
320 316 319
316 158 319
319 158 157
31 215 60
60 215 321
215 213 321
321 213 322
317 320 322
322 320 321
320 61 321
321 61 60
210 176 323
323 176 178
184 318 178
178 318 323
318 317 323
323 317 322
213 210 322
322 210 323
312 311 324
324 311 325
326 327 325
325 327 324
327 328 324
324 328 329
296 312 329
329 312 324
244 243 330
330 243 331
243 241 331
331 241 332
328 327 332
332 327 331
327 326 331
331 326 330
238 333 240
240 333 334
333 335 334
334 335 336
336 328 334
334 328 332
241 240 332
332 240 334
172 291 337
337 291 338
291 296 338
338 296 329
328 336 329
329 336 338
336 335 338
338 335 337
173 172 339
339 172 337
335 340 337
337 340 339
340 341 339
339 341 342
342 153 339
339 153 173
333 238 343
343 238 344
345 346 344
344 346 343
346 341 343
343 341 340
335 333 340
340 333 343
347 145 348
348 145 148
153 342 148
148 342 348
342 341 348
348 341 346
346 345 348
348 345 347
147 145 349
349 145 347
345 350 347
347 350 349
350 351 349
349 351 352
136 147 352
352 147 349
238 237 344
344 237 353
237 235 353
353 235 354
351 350 354
354 350 353
350 345 353
353 345 344
232 355 234
234 355 356
355 357 356
356 357 358
351 354 358
358 354 356
354 235 356
356 235 234
129 128 359
359 128 360
128 136 360
360 136 352
352 351 360
360 351 358
357 359 358
358 359 360
220 129 361
361 129 359
357 362 359
359 362 361
362 363 361
361 363 364
203 220 364
364 220 361
355 232 365
365 232 366
367 368 366
366 368 365
368 363 365
365 363 362
357 355 362
362 355 365
369 195 370
370 195 197
197 203 370
370 203 364
364 363 370
370 363 368
367 369 368
368 369 370
43 371 88
88 371 372
371 373 372
372 373 374
375 376 374
374 376 372
376 89 372
372 89 88
377 378 379
379 378 380
378 381 380
381 375 380
380 375 374
373 379 374
374 379 380
382 383 384
385 386 383
383 386 384
386 375 384
384 375 381
381 378 384
384 378 382
76 93 387
387 93 388
89 376 93
93 376 388
375 386 376
376 386 388
386 385 388
388 385 387
38 389 40
40 389 390
389 391 390
390 391 392
393 394 392
392 394 390
394 41 390
390 41 40
395 396 397
397 396 398
377 399 396
396 399 398
399 393 398
398 393 392
391 397 392
392 397 398
377 379 400
379 373 400
400 373 401
393 399 401
401 399 400
399 377 400
371 43 402
402 43 45
41 394 45
45 394 402
394 393 402
402 393 401
373 371 401
401 371 402
48 47 403
403 47 404
405 406 404
404 406 403
406 407 403
403 407 408
51 48 408
408 48 403
409 410 411
411 410 412
413 414 412
412 414 411
407 406 414
414 406 411
405 409 406
406 409 411
395 397 415
391 416 397
397 416 415
416 407 415
415 407 414
413 395 414
414 395 415
389 38 417
417 38 56
56 51 417
417 51 408
407 416 408
408 416 417
416 391 417
417 391 389
77 76 418
418 76 387
385 419 387
387 419 418
419 420 418
418 420 421
80 77 421
421 77 418
382 422 383
383 422 423
422 424 423
423 424 425
420 419 425
425 419 423
419 385 423
423 385 383
426 410 427
427 410 409
405 428 409
409 428 427
428 420 427
427 420 425
425 424 427
427 424 426
47 82 404
404 82 429
82 80 429
429 80 421
420 428 421
421 428 429
428 405 429
429 405 404
395 430 396
430 377 396
395 431 430
430 431 432
432 377 430
413 431 395
422 382 433
426 424 433
433 424 422
426 433 434
433 382 434
432 431 435
431 436 435
435 436 437
437 438 435
377 432 438
438 432 435
439 440 441
440 438 441
441 438 437
437 436 441
441 436 439
410 442 412
412 442 443
443 444 412
412 444 413
445 444 443
442 446 443
443 446 445
436 444 439
439 444 445
413 444 431
431 444 436
382 447 434
434 447 448
448 449 434
434 449 426
450 449 440
440 449 448
448 447 440
442 449 446
446 449 450
449 442 426
426 442 410
451 452 453
453 452 454
455 456 452
452 456 454
440 451 453
440 439 457
457 439 458
459 460 461
461 460 462
457 458 462
462 458 461
455 452 460
460 452 462
452 451 462
462 451 457
451 440 457
446 463 445
445 463 464
465 466 467
467 466 468
463 465 464
464 465 467
464 467 458
458 467 461
468 459 467
467 459 461
439 445 458
458 445 464
469 450 453
453 450 440
456 470 454
454 470 471
469 453 471
471 453 454
466 465 470
470 465 471
465 463 471
471 463 469
463 446 469
469 446 450
472 473 474
475 476 477
477 476 478
476 473 478
478 473 472
479 480 481
481 480 482
483 484 480
480 484 482
473 476 484
484 476 482
476 475 482
482 475 481
456 455 485
485 455 474
473 484 474
474 484 485
484 483 485
460 459 486
486 459 487
488 489 487
487 489 486
490 491 492
492 491 493
489 488 493
493 488 492
494 477 495
495 477 478
472 496 478
478 496 495
496 489 495
495 489 493
491 494 493
493 494 495
474 455 486
486 455 460
486 489 496
496 472 486
486 472 474
466 497 468
468 497 498
497 499 498
498 499 500
501 502 503
503 502 504
499 501 500
500 501 503
488 500 492
492 500 503
503 504 492
492 504 490
459 468 487
487 468 498
500 488 498
498 488 487
505 506 483
483 506 485
506 470 485
485 470 456
480 479 507
508 509 507
507 509 480
509 505 480
480 505 483
502 501 510
510 501 511
501 499 511
511 499 512
505 509 512
512 509 511
509 508 511
511 508 510
497 466 506
506 466 470
506 505 512
499 497 512
512 497 506
513 514 377
377 514 378
378 514 382
382 514 515
516 438 517
517 438 440
517 513 516
438 516 377
516 513 377
518 382 519
382 515 519
519 520 518
518 520 521
447 382 521
521 382 518
517 520 522
522 520 519
519 515 522
440 447 521
520 517 521
521 517 440
514 513 523
523 513 524
514 523 525
525 523 526
514 525 515
517 527 528
527 529 528
528 529 530
513 528 524
524 528 530
528 513 517
527 531 529
525 532 515
515 532 522
532 527 522
522 527 517
527 532 531
531 532 533
525 526 532
532 526 533
523 524 534
534 524 535
536 537 535
535 537 534
538 539 536
536 539 537
539 540 537
537 540 541
526 523 542
542 523 534
537 541 534
534 541 542
530 529 543
543 529 544
544 545 543
543 545 546
545 547 546
546 547 548
548 538 546
546 538 536
535 524 543
543 524 530
536 535 546
546 535 543
529 531 544
533 526 549
549 526 542
541 550 542
542 550 549
545 544 550
550 544 549
544 531 549
549 531 533
541 540 550
550 540 551
547 545 551
551 545 550
552 553 538
538 553 539
553 554 539
539 554 540
547 555 548
548 555 556
556 552 548
548 552 538
540 554 551
551 554 557
558 547 557
557 547 551
558 555 547
301 103 559
559 103 560
561 562 560
560 562 559
562 563 559
559 563 564
303 301 564
564 301 559
565 566 567
567 566 568
566 569 568
568 569 570
563 562 570
570 562 568
562 561 568
568 561 567
571 572 573
573 572 574
575 576 574
574 576 573
576 563 573
573 563 570
569 571 570
570 571 573
306 305 577
577 305 578
305 303 578
578 303 564
563 576 564
564 576 578
576 575 578
578 575 577
124 579 125
125 579 580
579 581 580
580 581 582
583 584 582
582 584 580
584 110 580
580 110 125
585 586 587
586 588 587
587 588 589
589 583 587
587 583 582
581 585 582
582 585 587
590 565 591
591 565 567
561 592 567
567 592 591
592 583 591
591 583 589
588 590 589
589 590 591
103 102 560
560 102 593
102 110 593
593 110 584
583 592 584
584 592 593
592 561 593
593 561 560
502 594 504
504 594 595
565 590 594
594 590 595
590 588 595
595 588 596
596 588 586
504 595 490
490 595 596
479 597 507
507 597 598
599 508 598
598 508 507
572 571 597
597 571 598
571 569 598
598 569 599
566 565 600
600 565 594
569 566 599
599 566 600
508 599 510
510 599 600
594 502 600
600 502 510
579 124 601
601 124 602
603 604 602
602 604 601
605 606 604
604 606 601
581 579 606
606 579 601
607 608 609
608 610 609
609 610 611
605 604 611
611 604 609
604 603 609
609 603 607
612 613 614
614 613 615
613 616 615
615 616 617
605 611 617
617 611 615
611 610 615
615 610 614
586 585 618
618 585 619
581 606 585
585 606 619
606 605 619
619 605 617
616 618 617
617 618 619
620 621 622
622 621 623
624 625 621
621 625 623
626 627 625
625 627 623
627 628 623
623 628 622
124 262 629
629 262 630
262 267 630
630 267 631
626 625 631
631 625 630
625 624 630
630 624 629
204 206 276
276 206 632
206 199 632
632 199 633
633 626 632
632 626 631
267 276 631
631 276 632
196 195 634
634 195 635
628 627 635
635 627 634
627 626 634
634 626 633
199 196 633
633 196 634
195 369 635
635 369 636
369 367 636
636 367 637
638 639 637
637 639 636
639 628 636
636 628 635
232 231 366
366 231 640
226 641 231
231 641 640
641 638 640
640 638 637
637 367 640
640 367 366
223 642 225
225 642 643
642 644 643
643 644 645
638 641 645
645 641 643
641 226 643
643 226 225
646 620 647
647 620 622
628 639 622
622 639 647
639 638 647
647 638 645
644 646 645
645 646 647
648 649 650
649 651 650
650 651 652
653 654 652
652 654 650
654 655 650
650 655 648
656 657 658
658 657 659
659 660 658
658 660 661
661 653 658
658 653 652
651 656 652
652 656 658
662 663 664
664 663 665
666 667 665
665 667 664
667 653 664
664 653 661
660 662 661
661 662 664
620 668 669
669 668 670
668 671 670
670 671 672
653 667 672
672 667 670
667 666 670
670 666 669
673 306 674
674 306 577
575 675 577
577 675 674
675 653 674
674 653 672
671 673 672
672 673 674
572 676 574
574 676 677
676 655 677
677 655 654
653 675 654
654 675 677
675 575 677
677 575 574
678 679 491
491 679 494
679 680 494
494 680 477
596 678 490
490 678 491
596 586 678
678 586 681
681 682 678
648 680 683
683 680 679
678 682 679
679 682 683
684 475 680
680 475 477
655 684 648
648 684 680
676 572 685
685 572 597
655 676 684
684 676 685
684 685 475
475 685 481
685 597 481
481 597 479
124 629 602
602 629 686
629 624 686
686 624 687
688 689 687
687 689 686
689 603 686
686 603 602
620 690 621
621 690 691
690 692 691
691 692 693
688 687 693
693 687 691
687 624 691
691 624 621
694 695 696
696 695 697
698 699 697
697 699 696
699 688 696
696 688 693
692 694 693
693 694 696
700 608 701
701 608 607
603 689 607
607 689 701
689 688 701
701 688 699
698 700 699
699 700 701
620 669 690
690 669 702
669 666 702
702 666 703
704 705 703
703 705 702
705 692 702
702 692 690
665 663 706
706 663 662
660 707 662
662 707 706
707 704 706
706 704 703
666 665 703
703 665 706
659 657 708
708 657 656
651 709 656
656 709 708
709 704 708
708 704 707
660 659 707
707 659 708
649 648 710
704 709 711
711 709 710
709 651 710
710 651 649
712 713 714
715 714 713
711 713 704
712 704 713
695 694 716
692 705 694
694 705 716
705 704 716
716 704 712
714 695 712
712 695 716
586 618 681
681 618 717
618 616 717
717 616 718
719 720 718
718 720 717
720 682 717
717 682 681
613 612 721
721 612 722
723 724 722
722 724 721
724 719 721
721 719 718
616 613 718
718 613 721
715 713 725
725 713 726
713 711 726
726 711 727
719 724 727
727 724 726
724 723 726
726 723 725
710 648 728
728 648 683
682 720 683
683 720 728
720 719 728
728 719 727
711 710 727
727 710 728
620 646 668
668 646 729
646 644 729
729 644 730
731 732 730
730 732 729
732 671 729
729 671 668
642 223 733
733 223 222
222 230 733
733 230 734
731 730 734
734 730 733
644 642 730
730 642 733
246 244 735
735 244 330
326 736 330
330 736 735
736 731 735
735 731 734
230 246 734
734 246 735
311 313 325
325 313 737
313 309 737
737 309 738
731 736 738
738 736 737
736 326 737
737 326 325
306 673 308
308 673 739
671 732 673
673 732 739
732 731 739
739 731 738
738 309 739
739 309 308
555 740 556
556 740 741
608 700 740
740 700 741
741 700 742
700 698 742
695 743 697
697 743 741
741 742 697
742 698 697
552 556 743
743 556 741
553 552 744
744 552 743
745 553 744
695 714 743
743 714 746
745 744 746
746 744 743
747 745 748
748 745 746
714 715 746
746 715 748
554 553 747
747 553 745
554 747 557
557 747 749
750 558 749
749 558 557
748 715 751
751 715 725
723 752 725
725 752 751
752 750 751
751 750 749
747 748 749
749 748 751
612 753 722
722 753 754
753 755 754
754 755 750
750 752 754
752 723 754
754 723 722
755 555 750
750 555 558
756 757 755
753 612 758
758 612 614
610 759 614
614 759 758
759 757 758
758 757 756
755 753 756
756 753 758
740 757 759
610 608 759
759 608 740
555 755 740
755 757 740
