448
-31.069153 14.045543 49.835643
-21.474695 14.045543 49.835643
-31.069153 21.858043 54.523143
-21.474697 21.858043 54.523143
-21.474697 31.233042 56.085643
-31.069153 31.233042 56.085643
-36.252434 31.233042 55.919524
-36.252434 21.948289 54.368098
-36.252434 14.210994 49.713822
-21.474697 40.608041 54.523143
-21.474695 48.420541 49.835643
-31.069153 40.608041 54.523143
-31.069153 48.420541 49.835643
-36.252434 48.255088 49.713822
-36.252434 40.517794 54.368098
-38.424454 47.758733 49.348361
-38.985126 46.766018 48.617438
-38.424454 40.247055 53.902966
-38.985126 39.705575 52.972701
-38.985126 31.233042 54.424453
-38.424454 31.233042 55.421166
-38.985126 22.760510 52.972701
-38.985126 15.700065 48.617438
-38.424454 22.219029 53.902966
-38.424454 14.707351 49.348361
-31.069153 53.108041 42.023143
-21.474697 53.108041 42.023143
-21.474697 54.670541 32.648143
-31.069153 54.670541 32.648143
-36.252434 54.444922 32.648143
-36.252434 52.897464 41.956695
-21.474697 53.108041 23.273143
-21.474695 48.420541 15.460643
-31.069153 53.108041 23.273143
-31.069153 48.420541 15.460643
-36.252434 48.255088 15.582463
-36.252434 52.897466 23.339590
-38.985126 46.766018 16.678847
-38.985126 51.002284 23.937618
-38.424454 47.758731 15.947925
-38.424454 52.265738 23.538933
-38.985126 52.414374 32.648143
-38.424454 53.768073 32.648143
-38.985126 51.002284 41.358667
-38.424454 52.265738 41.757353
-31.069153 40.608042 10.773143
-21.474697 40.608041 10.773143
-21.474697 31.233042 9.210643
-31.069153 31.233042 9.210643
-36.252434 31.233042 9.376761
-36.252434 40.517794 10.928187
-21.474697 21.858043 10.773143
-21.474695 14.045543 15.460643
-31.069153 21.858043 10.773143
-31.069153 14.045543 15.460643
-36.252434 14.210994 15.582463
-36.252434 21.948289 10.928187
-38.424454 14.707351 15.947925
-38.985126 15.700065 16.678847
-38.424454 22.219029 11.393319
-38.985126 22.760510 12.323584
-38.985126 31.233042 10.871833
-38.424454 31.233042 9.875119
-38.985126 39.705575 12.323584
-38.424454 40.247055 11.393319
-31.069153 9.358043 23.273143
-21.474697 9.358043 23.273143
-21.474697 7.795543 32.648143
-31.069153 7.795543 32.648143
-36.252434 8.021159 32.648143
-36.252434 9.568618 23.339590
-21.474697 9.358043 42.023143
-31.069153 9.358043 42.023143
-36.252434 9.568618 41.956695
-38.985126 11.463799 41.358667
-38.424454 10.200345 41.757353
-38.985126 10.051709 32.648143
-38.424454 8.698008 32.648143
-38.985126 11.463799 23.937618
-38.424454 10.200345 23.538933
45.409924 16.197366 17.399772
54.455738 18.349189 19.338901
45.409924 12.096724 24.330850
54.455738 14.835410 25.388556
58.955017 20.931367 21.665854
58.955017 18.121818 26.657804
58.955017 17.185302 32.648143
54.455738 13.664149 32.648143
45.409924 10.729846 32.648143
60.391766 23.513527 23.992810
60.249989 25.665294 25.931940
60.391766 21.408204 27.927052
60.249993 24.146818 28.984760
60.249989 23.640659 32.648143
60.391766 20.706429 32.648143
60.249993 24.146818 36.311526
60.249989 25.665294 39.364345
60.391766 21.408204 37.369234
60.391766 23.513526 41.303476
58.955017 20.931367 43.630431
58.955017 18.121819 38.638482
45.409924 16.197366 47.896513
45.409924 12.096726 40.965436
54.455738 18.349189 45.957385
54.455738 14.835410 39.907730
45.409924 46.268719 17.399773
54.455738 44.116896 19.338901
45.409924 39.434321 13.241126
54.455738 38.260599 15.709107
58.955017 41.534718 21.665854
58.955017 36.852139 18.670686
58.955017 31.233043 17.672296
54.455738 31.233042 14.499177
45.409924 31.233042 11.854909
60.391766 38.952559 23.992809
60.249989 36.800792 25.931940
60.391766 35.443688 21.632264
60.249993 34.269997 24.100248
60.249989 31.233043 23.489684
60.391766 31.233043 20.845416
60.249993 28.196090 24.100248
60.391766 27.022398 21.632264
58.955017 25.613947 18.670686
45.409924 23.031764 13.241126
54.455738 24.205486 15.709107
45.409924 46.268719 47.896514
54.455738 44.116896 45.957385
45.409924 50.369357 40.965436
54.455738 47.630675 39.907730
58.955017 41.534718 43.630431
58.955017 44.344267 38.638482
58.955017 45.280783 32.648143
54.455738 48.801934 32.648143
45.409924 51.736237 32.648143
60.391766 38.952560 41.303475
60.249989 36.800792 39.364345
60.391766 41.057883 37.369234
60.249993 38.319269 36.311526
60.249989 38.825427 32.648143
60.391766 41.759657 32.648143
60.249993 38.319268 28.984760
60.391766 41.057882 27.927052
58.955017 44.344267 26.657804
45.409924 50.369357 24.330850
54.455738 47.630675 25.388556
45.409924 23.031764 52.055160
54.455738 24.205486 49.587178
58.955017 25.613946 46.625600
58.955017 31.233043 47.623990
54.455738 31.233042 50.797109
45.409924 31.233042 53.441377
60.391766 27.022397 43.664021
60.249993 28.196090 41.196037
60.249989 31.233043 41.806601
60.391766 31.233043 44.450870
60.249993 34.269997 41.196037
60.391766 35.443688 43.664021
58.955017 36.852139 46.625600
45.409924 39.434321 52.055160
54.455738 38.260599 49.587178
60.013699 26.956297 27.095421
60.013699 25.789912 29.619385
59.447479 27.517904 27.620017
59.447483 26.504684 29.905529
59.447479 26.166944 32.648143
60.013699 25.401117 32.648143
58.315930 27.481484 27.642498
56.383637 26.978406 27.299632
58.315930 26.458331 29.917791
56.383637 25.818050 29.730773
56.383637 25.431265 32.648143
58.315933 26.117280 32.648143
56.383637 25.818050 35.565512
56.383637 26.978406 37.996653
58.315930 26.458331 35.378494
58.315930 27.481484 37.653787
59.447479 27.517904 37.676269
59.447483 26.504684 35.390757
60.013699 26.956298 38.200865
60.013699 25.789912 35.676901
60.013699 35.509789 27.095420
60.013699 33.565814 25.581041
59.447479 34.948183 27.620017
59.447483 33.259483 26.248711
59.447479 31.233043 25.791608
60.013699 31.233043 25.076249
56.383637 35.487681 27.299632
56.383637 33.553755 25.840947
58.315930 34.984603 27.642499
58.315930 33.279349 26.277323
56.383637 31.233044 25.354719
58.315933 31.233043 25.822265
56.383637 28.912332 25.840947
58.315930 29.186738 26.277323
59.447483 29.206604 26.248711
60.013699 28.900273 25.581041
60.013699 35.509789 38.200865
60.013699 36.676174 35.676900
59.447479 34.948183 37.676269
59.447483 35.961403 35.390757
59.447479 36.299143 32.648143
60.013699 37.064969 32.648143
58.315930 34.984603 37.653787
56.383637 35.487681 37.996653
58.315930 36.007756 35.378494
56.383637 36.648037 35.565512
56.383637 37.034822 32.648143
58.315933 36.348807 32.648143
56.383637 36.648037 29.730773
58.315930 36.007756 29.917791
59.447483 35.961402 29.905529
60.013699 36.676174 29.619385
60.013699 28.900273 39.715244
59.447483 29.206604 39.047575
59.447479 31.233043 39.504678
60.013699 31.233043 40.220036
56.383637 28.912332 39.455338
58.315930 29.186738 39.018963
56.383637 31.233044 39.941566
58.315933 31.233043 39.474021
56.383637 33.553755 39.455338
58.315930 33.279349 39.018963
59.447483 33.259483 39.047575
60.013699 33.565814 39.715244
-39.334362 13.569556 40.694192
-39.334362 17.354589 47.399234
-38.264808 19.305907 45.922440
-38.264808 16.053052 39.888668
-38.264808 14.968766 32.648143
-39.334362 12.307879 32.648143
-34.569103 21.189005 44.415750
-27.039898 22.638865 43.107861
-34.569103 18.449721 39.066838
-27.039898 20.294999 38.353443
-27.039902 19.513711 32.648143
-34.569107 17.536627 32.648143
-27.039898 20.294999 26.942842
-27.039898 22.638865 22.188425
-34.569103 18.449721 26.229447
-34.569103 21.189005 20.880534
-38.264808 19.305907 19.373845
-38.264808 16.053052 25.407617
-39.334362 17.354589 17.897052
-39.334362 13.569556 24.602094
-39.334362 45.111496 47.399234
-39.334362 38.803108 51.422259
-38.264808 43.160178 45.922440
-38.264808 37.738753 49.542705
-38.264808 31.233043 50.749457
-39.334362 31.233042 52.763267
-34.569103 41.277082 44.415751
-27.039898 39.827221 43.107861
-34.569103 36.711610 47.625099
-27.039898 35.920777 45.960510
-27.039902 31.233043 46.911394
-34.569107 31.233043 48.694882
-27.039898 26.545310 45.960510
-34.569103 25.754476 47.625099
-38.264808 24.727332 49.542705
-39.334362 23.662977 51.422257
-39.334362 48.896529 24.602094
-39.334362 45.111496 17.897052
-38.264808 43.160178 19.373845
-38.264808 46.413033 25.407617
-38.264808 47.497319 32.648143
-39.334362 50.158206 32.648143
-34.569103 41.277081 20.880535
-27.039898 39.827221 22.188425
-34.569103 44.016365 26.229447
-27.039898 42.171087 26.942842
-27.039902 42.952376 32.648143
-34.569107 44.929459 32.648143
-27.039898 42.171087 38.353443
-34.569103 44.016365 39.066838
-38.264808 46.413033 39.888668
-39.334362 48.896529 40.694192
-39.334362 23.662977 13.874026
-38.264808 24.727332 15.753581
-38.264808 31.233043 14.546828
-39.334362 31.233042 12.533019
-34.569103 25.754476 17.671186
-27.039898 26.545310 19.335775
-27.039902 31.233043 18.384891
-34.569107 31.233043 16.601403
-27.039898 35.920777 19.335775
-34.569103 36.711610 17.671186
-38.264808 37.738753 15.753581
-39.334362 38.803108 13.874028
30.333565 47.559813 49.059993
30.333565 52.012568 41.600060
30.333565 53.496819 32.648143
12.187071 54.377110 32.648143
12.187071 52.834174 41.917373
12.187071 48.205359 49.641730
30.333565 52.012568 23.696225
30.333565 47.559813 16.236293
12.187071 48.205359 15.654555
12.187072 52.834172 23.378913
-6.069151 48.420541 15.460643
-6.069151 53.108041 23.273143
-6.069153 54.670541 32.648143
-6.069153 53.108041 42.023143
-6.069151 48.420541 49.835643
-6.069153 40.608041 10.773143
12.187071 40.490668 11.019940
12.187071 31.233042 9.475070
-6.069153 31.233042 9.210643
30.333565 40.138553 11.760335
30.333565 31.233042 10.268350
30.333565 22.327531 11.760337
30.333565 14.906272 16.236293
12.187071 14.260726 15.654555
12.187072 21.975415 11.019942
-6.069151 14.045543 15.460643
-6.069151 21.858043 10.773143
-6.069153 9.358043 23.273143
12.187071 9.631911 23.378913
12.187071 8.088973 32.648143
-6.069153 7.795543 32.648143
30.333565 10.453515 23.696225
30.333565 8.969264 32.648143
30.333565 10.453517 41.600060
30.333565 14.906272 49.059993
12.187071 14.260726 49.641730
12.187072 9.631911 41.917373
-6.069151 14.045543 49.835643
-6.069151 9.358043 42.023143
-6.069153 21.858043 54.523143
12.187071 21.975415 54.276345
12.187071 31.233042 55.821216
-6.069153 31.233042 56.085643
30.333565 22.327531 53.535951
30.333565 31.233042 55.027936
30.333565 40.138553 53.535949
12.187072 40.490669 54.276343
-6.069151 40.608042 54.523143
53.415196 36.326048 38.568101
53.415196 37.715049 35.877211
48.694100 37.297939 39.268786
48.694100 38.952002 36.259403
48.694100 39.503356 32.648143
53.415196 38.178049 32.648143
31.127924 38.835243 40.660503
31.127924 40.908570 37.018521
41.503845 38.201593 39.999367
41.503845 40.102106 36.657902
31.127924 41.599679 32.648143
41.503845 40.735611 32.648143
31.127924 38.835243 24.635782
41.503845 38.201592 25.296918
31.127924 40.908570 28.277764
41.503845 40.102106 28.638384
48.694100 37.297940 26.027499
48.694100 38.952002 29.036883
53.415196 36.326048 26.728185
53.415196 37.715049 29.419075
53.415196 34.011046 25.113651
48.694100 34.541169 24.221869
48.694100 31.233044 23.619993
53.415196 31.233044 24.575473
31.127924 35.379698 22.450593
41.503845 35.034070 23.292039
31.127924 31.233044 21.722197
41.503845 31.233044 22.623746
31.127924 23.630845 24.635782
41.503845 24.264495 25.296918
31.127924 27.086390 22.450593
41.503845 27.432017 23.292039
48.694100 25.168148 26.027499
48.694100 27.924918 24.221869
53.415196 26.140039 26.728185
53.415196 28.455041 25.113651
53.415196 24.751038 29.419075
48.694100 23.514085 29.036883
48.694100 22.962731 32.648143
53.415196 24.288038 32.648143
31.127924 21.557518 28.277764
41.503845 22.363982 28.638384
31.127924 20.866409 32.648143
41.503845 21.730477 32.648143
31.127924 23.630845 40.660503
41.503845 24.264495 39.999368
31.127924 21.557519 37.018521
41.503845 22.363982 36.657902
48.694100 25.168148 39.268786
48.694100 23.514085 36.259403
53.415196 26.140039 38.568101
53.415196 24.751038 35.877211
53.415196 28.455041 40.182634
48.694100 27.924918 41.074416
48.694100 31.233044 41.676292
53.415196 31.233044 40.720813
31.127924 27.086390 42.845693
41.503845 27.432017 42.004247
31.127924 31.233044 43.574090
41.503845 31.233044 42.672540
31.127924 35.379698 42.845693
41.503845 35.034070 42.004247
48.694100 34.541168 41.074416
53.415196 34.011046 40.182634
16.849833 41.114603 37.287075
16.849833 38.997125 41.152851
0.905327 39.004747 41.625480
0.905327 41.124303 37.544872
0.905327 41.830821 32.648143
16.849833 41.820429 32.648143
-14.469837 39.175610 42.227460
-14.469837 41.341765 37.873225
-14.469837 42.063817 32.648143
-14.469837 39.175610 23.068826
-14.469837 41.341765 27.423061
0.905327 39.004747 23.670806
0.905327 41.124303 27.751413
16.849833 38.997126 24.143434
16.849833 41.114604 28.009211
16.849833 35.467998 21.823969
0.905327 35.472154 21.222442
0.905327 31.233044 20.406321
16.849833 31.233044 21.050815
-14.469837 35.565353 20.456285
-14.469837 31.233043 19.585439
-14.469837 26.900734 20.456285
-14.469837 23.290477 23.068826
0.905327 23.461340 23.670806
0.905327 26.993933 21.222442
16.849833 23.468961 24.143435
16.849833 26.998090 21.823970
16.849833 21.351484 28.009211
0.905327 21.341784 27.751414
0.905327 20.635266 32.648143
16.849833 20.645659 32.648143
-14.469837 21.124322 27.423061
-14.469837 20.402270 32.648143
-14.469837 23.290477 42.227460
-14.469837 21.124322 37.873225
0.905327 23.461340 41.625480
0.905327 21.341784 37.544872
16.849833 23.468962 41.152851
16.849833 21.351485 37.287075
16.849833 26.998090 43.472317
0.905327 26.993933 44.073844
0.905327 31.233044 44.889965
16.849833 31.233044 44.245471
-14.469837 26.900734 44.840000
-14.469837 31.233043 45.710847
-14.469837 35.565353 44.840000
0.905327 35.472154 44.073844
16.849833 35.467998 43.472317
896
0 1 2
2 1 3
3 4 2
2 4 5
6 7 5
5 7 2
7 8 2
2 8 0
9 10 11
11 10 12
12 13 11
11 13 14
6 5 14
14 5 11
5 4 11
11 4 9
15 16 17
17 16 18
19 20 18
18 20 17
20 6 17
17 6 14
13 15 14
14 15 17
21 22 23
23 22 24
8 7 24
24 7 23
7 6 23
23 6 20
19 21 20
20 21 23
12 10 25
25 10 26
26 27 25
25 27 28
28 29 25
25 29 30
13 12 30
30 12 25
31 32 33
33 32 34
35 36 34
34 36 33
36 29 33
33 29 28
28 27 33
33 27 31
37 38 39
39 38 40
38 41 40
40 41 42
29 36 42
42 36 40
36 35 40
40 35 39
16 15 43
43 15 44
15 13 44
44 13 30
29 42 30
30 42 44
42 41 44
44 41 43
34 32 45
45 32 46
46 47 45
45 47 48
49 50 48
48 50 45
50 35 45
45 35 34
51 52 53
53 52 54
54 55 53
53 55 56
49 48 56
56 48 53
48 47 53
53 47 51
57 58 59
59 58 60
61 62 60
60 62 59
62 49 59
59 49 56
55 57 56
56 57 59
63 37 64
64 37 39
35 50 39
39 50 64
50 49 64
64 49 62
61 63 62
62 63 64
54 52 65
65 52 66
66 67 65
65 67 68
68 69 65
65 69 70
55 54 70
70 54 65
71 1 72
72 1 0
8 73 0
0 73 72
73 69 72
72 69 68
68 67 72
72 67 71
22 74 24
24 74 75
74 76 75
75 76 77
69 73 77
77 73 75
73 8 75
75 8 24
58 57 78
78 57 79
57 55 79
79 55 70
69 77 70
70 77 79
77 76 79
79 76 78
80 81 82
82 81 83
81 84 83
83 84 85
86 87 85
85 87 83
87 88 83
83 88 82
89 90 91
91 90 92
93 94 92
92 94 91
94 86 91
91 86 85
84 89 85
85 89 91
95 96 97
97 96 98
99 100 98
98 100 97
100 86 97
97 86 94
93 95 94
94 95 97
101 102 103
103 102 104
102 88 104
104 88 87
86 100 87
87 100 104
100 99 104
104 99 103
105 106 107
107 106 108
106 109 108
108 109 110
111 112 110
110 112 108
112 113 108
108 113 107
114 115 116
116 115 117
118 119 117
117 119 116
119 111 116
116 111 110
109 114 110
110 114 116
120 90 121
121 90 89
84 122 89
89 122 121
122 111 121
121 111 119
118 120 119
119 120 121
80 123 81
81 123 124
123 113 124
124 113 112
111 122 112
112 122 124
122 84 124
124 84 81
125 126 127
127 126 128
126 129 128
128 129 130
131 132 130
130 132 128
132 133 128
128 133 127
134 135 136
136 135 137
138 139 137
137 139 136
139 131 136
136 131 130
129 134 130
130 134 136
140 115 141
141 115 114
109 142 114
114 142 141
142 131 141
141 131 139
138 140 139
139 140 141
105 143 106
106 143 144
143 133 144
144 133 132
131 142 132
132 142 144
142 109 144
144 109 106
101 103 145
145 103 146
103 99 146
146 99 147
148 149 147
147 149 146
149 150 146
146 150 145
98 96 151
151 96 152
153 154 152
152 154 151
154 148 151
151 148 147
99 98 147
147 98 151
155 135 156
156 135 134
129 157 134
134 157 156
157 148 156
156 148 154
153 155 154
154 155 156
125 158 126
126 158 159
158 150 159
159 150 149
148 157 149
149 157 159
157 129 159
159 129 126
90 160 92
92 160 161
160 162 161
161 162 163
164 165 163
163 165 161
165 93 161
161 93 92
166 167 168
168 167 169
169 170 168
168 170 171
171 164 168
168 164 163
162 166 163
163 166 168
172 173 174
174 173 175
176 177 175
175 177 174
177 164 174
174 164 171
171 170 174
174 170 172
96 95 178
178 95 179
95 93 179
179 93 165
164 177 165
165 177 179
177 176 179
179 176 178
115 180 117
117 180 181
182 183 180
180 183 181
183 184 181
181 184 185
185 118 181
181 118 117
186 187 188
188 187 189
187 190 189
189 190 191
184 183 191
191 183 189
183 182 189
189 182 188
167 166 192
192 166 193
166 162 193
193 162 194
184 191 194
194 191 193
191 190 193
193 190 192
90 120 160
160 120 195
120 118 195
195 118 185
185 184 195
195 184 194
162 160 194
194 160 195
135 196 137
137 196 197
196 198 197
197 198 199
200 201 199
199 201 197
201 138 197
197 138 137
202 203 204
204 203 205
205 206 204
204 206 207
207 200 204
204 200 199
198 202 199
199 202 204
208 186 209
209 186 188
182 210 188
188 210 209
210 200 209
209 200 207
207 206 209
209 206 208
115 140 180
180 140 211
140 138 211
211 138 201
200 210 201
201 210 211
210 182 211
211 182 180
96 178 152
152 178 212
176 213 178
178 213 212
213 214 212
212 214 215
215 153 212
212 153 152
173 216 175
175 216 217
216 218 217
217 218 219
214 213 219
219 213 217
213 176 217
217 176 175
203 202 220
220 202 221
202 198 221
221 198 222
214 219 222
222 219 221
219 218 221
221 218 220
135 155 196
196 155 223
155 153 223
223 153 215
215 214 223
223 214 222
198 196 222
222 196 223
74 22 224
224 22 225
226 227 225
225 227 224
228 229 227
227 229 224
76 74 229
229 74 224
230 231 232
232 231 233
234 235 233
233 235 232
235 228 232
232 228 227
226 230 227
227 230 232
236 237 238
238 237 239
240 241 239
239 241 238
241 228 238
238 228 235
234 236 235
235 236 238
242 58 243
243 58 78
76 229 78
78 229 243
228 241 229
229 241 243
240 242 241
241 242 243
16 244 18
18 244 245
244 246 245
245 246 247
248 249 247
247 249 245
249 19 245
245 19 18
250 251 252
252 251 253
254 255 253
253 255 252
255 248 252
252 248 247
246 250 247
247 250 252
256 231 257
257 231 230
226 258 230
230 258 257
258 248 257
257 248 255
254 256 255
255 256 257
22 21 225
225 21 259
21 19 259
259 19 249
248 258 249
249 258 259
258 226 259
259 226 225
38 37 260
260 37 261
262 263 261
261 263 260
264 265 263
263 265 260
41 38 265
265 38 260
266 267 268
268 267 269
270 271 269
269 271 268
271 264 268
268 264 263
262 266 263
263 266 268
272 251 273
273 251 250
246 274 250
250 274 273
274 264 273
273 264 271
270 272 271
271 272 273
244 16 275
275 16 43
41 265 43
43 265 275
264 274 265
265 274 275
246 244 274
274 244 275
58 242 60
60 242 276
242 240 276
276 240 277
278 279 277
277 279 276
279 61 276
276 61 60
239 237 280
280 237 281
282 283 281
281 283 280
283 278 280
280 278 277
240 239 277
277 239 280
284 267 285
285 267 266
262 286 266
266 286 285
286 278 285
285 278 283
282 284 283
283 284 285
37 63 261
261 63 287
63 61 287
287 61 279
278 286 279
279 286 287
286 262 287
287 262 261
288 125 289
289 125 127
133 290 127
127 290 289
290 291 289
289 291 292
292 293 289
289 293 288
143 105 294
294 105 295
295 296 294
294 296 297
297 291 294
294 291 290
133 143 290
290 143 294
298 32 299
299 32 31
31 27 299
299 27 300
300 291 299
299 291 297
297 296 299
299 296 298
26 10 301
301 10 302
302 293 301
301 293 292
292 291 301
301 291 300
300 27 301
301 27 26
46 32 303
303 32 298
298 296 303
303 296 304
305 306 304
304 306 303
306 47 303
303 47 46
295 105 307
307 105 107
113 308 107
107 308 307
308 305 307
307 305 304
296 295 304
304 295 307
123 80 309
309 80 310
311 312 310
310 312 309
312 305 309
309 305 308
113 123 308
308 123 309
313 52 314
314 52 51
51 47 314
314 47 306
305 312 306
306 312 314
312 311 314
314 311 313
66 52 315
315 52 313
313 311 315
315 311 316
316 317 315
315 317 318
318 67 315
315 67 66
310 80 319
319 80 82
88 320 82
82 320 319
320 317 319
319 317 316
316 311 319
319 311 310
102 101 321
321 101 322
322 323 321
321 323 324
324 317 321
321 317 320
88 102 320
320 102 321
325 1 326
326 1 71
71 67 326
326 67 318
318 317 326
326 317 324
324 323 326
326 323 325
3 1 327
327 1 325
325 323 327
327 323 328
329 330 328
328 330 327
330 4 327
327 4 3
322 101 331
331 101 145
150 332 145
145 332 331
332 329 331
331 329 328
323 322 328
328 322 331
158 125 333
333 125 288
293 334 288
288 334 333
334 329 333
333 329 332
150 158 332
332 158 333
302 10 335
335 10 9
9 4 335
335 4 330
329 334 330
330 334 335
334 293 335
335 293 302
203 336 205
205 336 337
336 338 337
337 338 339
339 340 337
337 340 341
206 205 341
341 205 337
342 343 344
344 343 345
343 346 345
345 346 347
340 339 347
347 339 345
338 344 339
339 344 345
348 349 350
350 349 351
352 353 349
349 353 351
340 347 353
353 347 351
347 346 351
351 346 350
186 208 354
354 208 355
206 341 208
208 341 355
341 340 355
355 340 353
353 352 355
355 352 354
187 186 356
356 186 354
352 357 354
354 357 356
357 358 356
356 358 359
190 187 359
359 187 356
348 360 349
349 360 361
360 362 361
361 362 363
358 357 363
363 357 361
357 352 361
361 352 349
364 365 366
366 365 367
365 368 367
367 368 369
358 363 369
369 363 367
363 362 367
367 362 366
370 167 371
371 167 192
190 359 192
192 359 371
359 358 371
371 358 369
368 370 369
369 370 371
167 370 169
169 370 372
370 368 372
372 368 373
373 374 372
372 374 375
170 169 375
375 169 372
364 376 365
365 376 377
376 378 377
377 378 379
374 373 379
379 373 377
368 365 373
373 365 377
380 381 382
382 381 383
384 385 381
381 385 383
374 379 385
385 379 383
379 378 383
383 378 382
173 172 386
386 172 387
170 375 172
172 375 387
375 374 387
387 374 385
385 384 387
387 384 386
216 173 388
388 173 386
384 389 386
386 389 388
389 390 388
388 390 391
218 216 391
391 216 388
380 392 381
381 392 393
392 394 393
393 394 395
390 389 395
395 389 393
389 384 393
393 384 381
342 344 396
396 344 397
344 338 397
397 338 398
390 395 398
398 395 397
395 394 397
397 394 396
336 203 399
399 203 220
218 391 220
220 391 399
391 390 399
399 390 398
338 336 398
398 336 399
343 342 400
400 342 401
402 403 401
401 403 400
403 404 400
400 404 405
346 343 405
405 343 400
251 272 406
406 272 407
272 270 407
407 270 408
404 403 408
408 403 407
403 402 407
407 402 406
267 409 269
269 409 410
409 411 410
410 411 412
404 408 412
412 408 410
408 270 410
410 270 269
413 348 414
414 348 350
346 405 350
350 405 414
405 404 414
414 404 412
411 413 412
412 413 414
348 413 360
360 413 415
413 411 415
415 411 416
417 418 416
416 418 415
418 362 415
415 362 360
409 267 419
419 267 284
282 420 284
284 420 419
420 417 419
419 417 416
411 409 416
416 409 419
281 237 421
421 237 422
423 424 422
422 424 421
424 417 421
421 417 420
282 281 420
420 281 421
364 366 425
425 366 426
366 362 426
426 362 418
417 424 418
418 424 426
424 423 426
426 423 425
376 364 427
427 364 425
423 428 425
425 428 427
428 429 427
427 429 430
378 376 430
430 376 427
237 236 422
422 236 431
236 234 431
431 234 432
429 428 432
432 428 431
428 423 431
431 423 422
231 433 233
233 433 434
433 435 434
434 435 436
429 432 436
436 432 434
432 234 434
434 234 233
437 380 438
438 380 382
378 430 382
382 430 438
430 429 438
438 429 436
435 437 436
436 437 438
380 437 392
392 437 439
437 435 439
439 435 440
441 442 440
440 442 439
442 394 439
439 394 392
433 231 443
443 231 256
254 444 256
256 444 443
444 441 443
443 441 440
435 433 440
440 433 443
253 251 445
445 251 406
402 446 406
406 446 445
446 441 445
445 441 444
254 253 444
444 253 445
342 396 401
401 396 447
396 394 447
447 394 442
441 446 442
442 446 447
446 402 447
447 402 401
